1 2 368 376
1 3 317 324
1 5 258 263
1 6 341 344
1 7 290 298
1 8 77 85
1 9 238 244
1 10 390 396
1 11 133 161
1 12 179 185
1 13 437 445
1 14 41 61
1 15 7 29
2 2 367 373
2 3 316 320
2 4 112 117
2 5 258 261
2 6 342 345
2 7 290 298
2 8 77 83
2 9 242 243
2 11 179 190
2 12 149 157
2 13 437 446
2 14 42 61
2 15 3 30
3 1 172 173
3 2 402 412
3 3 232 244
3 4 209 224
3 5 65 87
3 6 315 330
3 7 427 430
3 8 453 455
3 9 256 261
3 10 375 381
3 11 0 24
3 12 99 120
3 14 354 362
3 15 36 52
4 1 174 175
4 2 404 413
4 3 237 244
4 4 216 225
4 5 69 91
4 6 315 329
4 7 428 431
4 9 379 381
4 10 377 379
4 11 8 20
4 12 102 119
4 13 276 279
4 14 343 365
4 15 31 53
5 2 107 122
5 3 192 209
5 4 360 386
5 5 391 407
5 6 245 258
5 7 7 14
5 8 423 432
5 9 166 173
5 10 221 229
5 11 38 61
5 12 459 474
5 13 132 138
5 14 329 346
5 15 72 94
6 1 273 276
6 2 105 121
6 3 192 209
6 4 359 385
6 5 392 406
6 6 244 257
6 7 6 12
6 8 422 435
6 9 165 174
6 10 221 227
6 11 37 58
6 12 458 476
6 14 329 345
6 15 74 91
7 1 63 81
7 2 246 269
7 3 281 302
7 4 341 356
7 5 436 457
7 6 183 205
7 7 5 18
7 8 91 107
7 9 157 172
7 10 469 486
7 12 122 148
7 13 212 234
7 14 310 332
7 15 29 50
8 1 62 80
8 2 249 269
8 3 284 302
8 4 339 360
8 5 436 462
8 6 183 207
8 7 6 19
8 8 90 111
8 9 157 173
8 10 471 487
8 11 369 385
8 12 120 148
8 13 213 237
8 14 309 334
8 15 31 49
9 1 347 350
9 2 32 53
9 3 122 141
9 4 477 480
9 5 245 267
9 6 178 202
9 7 152 163
9 8 212 230
9 9 373 380
9 10 97 105
9 11 316 336
9 12 279 292
9 13 63 81
9 14 5 21
9 15 455 476
10 1 347 350
10 2 38 54
10 3 133 141
10 4 394 421
10 5 245 256
10 6 176 198
10 7 151 170
10 8 210 222
10 9 373 379
10 10 94 110
10 11 316 336
10 12 277 292
10 13 62 82
10 14 4 21
10 15 452 475
