1 1 389 391
1 2 347 355
1 3 299 306
1 4 117 120
1 5 243 249
1 6 321 326
1 7 274 281
1 8 74 81
1 9 226 230
1 10 369 373
1 11 141 151
1 12 170 175
1 13 412 431
1 14 40 59
1 15 7 28
2 2 346 352
2 3 298 302
2 4 106 110
2 5 243 247
2 6 322 326
2 7 275 280
2 8 73 79
2 9 227 229
2 10 369 373
2 11 141 148
2 12 170 174
2 13 412 420
2 14 40 59
2 15 4 29
3 1 161 164
3 2 380 389
3 3 218 231
3 4 201 213
3 5 62 84
3 6 296 312
3 7 402 406
3 8 426 430
3 9 243 246
3 10 355 359
3 11 0 23
3 12 94 113
3 13 260 263
3 14 324 342
3 15 35 50
4 1 162 167
4 2 382 390
4 3 223 231
4 4 205 212
4 5 65 87
4 6 295 311
4 7 404 407
4 8 425 426
4 10 355 359
4 11 8 19
4 12 97 113
4 13 260 263
4 14 324 345
4 15 30 51
5 1 257 259
5 2 101 116
5 3 182 198
5 4 340 364
5 5 369 385
5 6 231 245
5 7 8 13
5 8 399 408
5 9 158 163
5 10 210 216
5 11 37 59
5 12 433 447
5 13 125 131
5 14 311 327
5 15 69 89
6 1 258 261
6 2 100 115
6 3 182 198
6 4 339 363
6 5 369 383
6 6 231 243
6 7 7 11
6 8 398 411
6 9 157 163
6 10 209 214
6 11 36 55
6 12 432 447
6 14 311 326
6 15 71 86
6 13 348 359
7 1 60 77
7 2 233 254
7 3 265 285
7 4 321 339
7 5 410 432
7 6 172 195
7 7 6 17
7 8 86 101
7 9 149 162
7 10 444 458
7 12 116 140
7 13 201 221
7 14 293 313
7 15 29 48
8 1 59 76
8 2 235 255
8 3 268 285
8 4 320 339
8 5 411 436
8 6 172 196
8 7 7 18
8 8 82 105
8 9 146 163
8 10 445 458
8 11 348 369
8 12 340 367
8 13 201 223
8 14 291 315
8 15 30 47
9 1 328 330
9 2 31 51
9 3 115 134
9 5 231 252
9 6 168 192
9 7 144 155
9 8 199 218
9 9 353 358
9 10 89 99
9 11 298 316
9 12 262 276
9 13 60 77
9 4 372 386
9 14 6 21
9 15 427 449
10 1 328 331
10 2 37 52
10 3 126 134
10 4 370 392
10 5 231 243
10 6 166 187
10 7 143 160
10 8 199 210
10 9 352 357
10 10 93 101
10 11 305 317
10 12 261 275
10 13 60 77
10 14 5 21
10 15 426 448
