1 2 583 592
1 3 503 510
1 4 197 202
1 7 454 476
1 8 119 135
1 9 388 391
1 10 632 633
1 11 278 300
1 12 244 256
1 1 244 256
1 13 690 710
1 14 60 88
1 15 4 36
1 5 328 350
2 2 581 587
2 4 176 186
2 7 454 474
2 8 116 131
2 11 230 251
2 12 277 294
2 1 277 294
2 13 696 714
2 14 60 89
2 15 0 32
2 3 32 42
2 5 340 349
3 2 638 653
3 3 367 382
3 5 102 131
3 6 503 518
3 7 688 690
3 10 605 609
3 12 153 179
3 14 568 571
3 15 55 77
3 1 169 186
3 4 451 462
4 2 641 654
4 3 376 381
4 5 110 135
4 6 502 519
4 7 688 693
4 14 544 556
4 15 425 457
4 1 46 77
4 4 157 184
4 8 6 28
5 2 165 187
5 3 302 330
5 4 570 582
5 1 595 607
5 5 625 642
5 6 387 405
5 7 2 21
5 8 675 690
5 9 257 275
5 10 345 366
5 11 50 78
5 12 729 755
5 13 213 220
5 14 518 548
5 15 75 107
6 2 162 186
6 3 301 329
6 4 692 720
6 1 573 598
6 5 626 640
6 6 385 406
6 7 0 19
6 8 668 689
6 9 258 273
6 10 345 362
6 11 51 81
6 12 81 92
6 14 517 549
6 15 110 142
6 13 588 605
7 1 94 122
7 2 388 420
7 3 444 476
7 4 353 365
7 5 697 722
7 6 292 318
7 7 0 28
7 8 150 165
7 9 243 274
7 10 745 777
7 12 218 234
7 13 332 358
7 14 493 523
7 15 36 68
7 11 551 567
8 1 92 121
8 2 393 423
8 3 448 477
8 4 541 559
8 5 698 730
8 6 292 321
8 7 0 30
8 8 142 169
8 9 243 273
8 10 749 777
8 12 217 237
8 13 346 378
8 14 488 520
8 15 36 59
8 11 559 576
9 2 49 77
9 3 191 216
9 4 758 768
9 5 391 418
9 6 284 315
9 7 233 254
9 8 338 358
9 10 144 166
9 13 631 644
9 14 2 28
9 15 715 747
9 1 677 700
9 11 103 120
9 12 447 457
10 2 54 77
10 3 210 220
10 4 652 667
10 1 614 626
10 5 391 401
10 6 281 309
10 7 231 263
10 8 339 342
10 9 591 592
10 10 146 167
10 11 363 371
10 12 519 543
10 13 103 128
10 14 0 28
10 15 462 494
