1 1 473 475
1 2 422 432
1 3 364 373
1 4 143 146
1 5 295 303
1 6 390 404
1 7 334 340
1 8 90 98
1 9 275 279
1 10 448 453
1 11 171 183
1 12 207 210
1 13 502 523
1 14 48 72
1 15 9 34
2 1 472 474
2 2 420 428
2 3 363 368
2 4 129 133
2 5 295 301
2 6 391 397
2 7 335 339
2 8 89 97
2 9 275 278
2 10 448 451
2 11 172 181
2 12 207 211
2 13 502 509
2 14 49 73
2 15 6 35
3 1 196 200
3 2 462 473
3 3 265 281
3 4 247 257
3 5 75 102
3 6 359 380
3 7 490 493
3 8 517 523
3 9 296 298
3 10 432 436
3 11 0 27
3 12 115 137
3 13 316 333
3 14 393 417
3 15 43 61
4 1 197 204
4 2 464 475
4 3 272 281
4 4 249 257
4 5 79 106
4 6 360 380
4 7 491 494
4 8 516 519
4 9 298 299
4 10 432 436
4 11 10 21
4 12 118 137
4 13 316 341
4 14 393 420
4 15 37 62
5 1 312 315
5 2 123 141
5 3 221 241
5 4 413 442
5 5 447 468
5 6 281 298
5 7 10 15
5 8 485 496
5 9 192 197
5 10 256 261
5 11 45 65
5 12 525 542
5 13 152 159
5 14 378 398
5 15 85 105
6 1 313 318
6 2 122 141
6 3 222 241
6 4 413 440
6 5 448 467
6 6 280 296
6 7 9 13
6 8 484 499
6 9 191 198
6 10 255 260
6 11 45 66
6 12 525 542
6 14 378 396
6 15 88 105
6 13 423 436
7 1 74 94
7 2 283 310
7 3 323 347
7 4 399 403
7 5 498 526
7 6 209 237
7 7 8 20
7 8 104 123
7 9 182 196
7 10 540 555
7 12 142 169
7 13 244 261
7 14 356 381
7 15 35 58
8 1 72 93
8 2 286 310
8 3 326 347
8 4 389 410
8 5 499 529
8 6 209 239
8 7 10 22
8 8 104 129
8 9 178 198
8 10 541 555
8 11 423 448
8 12 141 169
8 13 245 271
8 14 355 384
8 15 36 45
9 1 398 402
9 2 38 63
9 4 318 335
9 3 140 163
9 5 281 307
9 6 204 233
9 7 173 189
9 8 242 265
9 9 432 435
9 10 108 120
9 11 363 383
9 12 485 488
9 13 451 478
9 14 7 26
9 15 519 546
10 1 398 402
10 2 45 64
10 3 154 164
10 4 449 476
10 5 280 296
10 6 202 228
10 7 175 195
10 8 241 256
10 10 110 120
10 11 364 384
10 12 317 341
10 13 73 94
10 14 7 26
10 15 518 544
