1 2 391 398
1 3 336 343
1 4 133 136
1 5 274 277
1 7 306 318
1 8 81 90
1 9 252 259
1 11 142 172
1 12 188 199
1 1 188 199
1 13 463 474
1 14 42 62
1 15 5 29
2 2 389 394
2 3 335 338
2 4 119 124
2 7 306 317
2 8 79 89
2 11 157 168
2 12 189 198
2 1 189 198
2 13 464 478
2 14 42 62
2 15 0 30
3 2 428 438
3 3 247 257
3 5 69 90
3 6 336 349
3 7 452 455
3 9 273 275
3 10 398 407
3 11 0 25
3 12 103 126
3 14 378 381
3 15 39 54
4 2 429 438
4 3 251 258
4 4 229 239
4 5 73 93
4 6 336 349
4 7 453 463
4 10 398 399
4 14 364 372
4 15 38 54
4 1 292 307
4 8 109 123
4 9 6 19
5 2 112 127
5 3 203 221
5 4 463 471
5 5 417 431
5 6 259 273
5 7 4 14
5 8 451 460
5 9 174 184
5 10 233 251
5 11 37 50
5 12 488 505
5 13 138 147
5 14 348 367
5 15 50 82
5 1 82 100
6 2 110 126
6 3 203 221
6 4 383 409
6 1 464 483
6 5 417 430
6 6 260 273
6 7 3 13
6 8 447 462
6 9 174 183
6 10 233 242
6 11 36 61
6 14 348 368
6 15 76 97
6 12 395 404
7 1 65 83
7 2 261 285
7 3 297 319
7 4 363 367
7 5 465 484
7 6 195 215
7 7 2 19
7 8 98 112
7 9 165 183
7 10 499 518
7 12 408 422
7 13 224 244
7 14 330 351
7 15 26 50
7 11 367 380
8 1 63 83
8 2 264 284
8 3 301 319
8 4 362 380
8 5 465 490
8 6 196 217
8 7 3 20
8 8 95 116
8 9 165 182
8 10 501 519
8 13 225 253
8 14 328 353
8 15 30 40
9 2 34 54
9 3 129 147
9 4 508 512
9 5 261 281
9 6 191 213
9 7 159 171
9 8 227 242
9 10 102 111
9 1 395 404
9 12 333 357
9 11 307 310
9 13 65 86
9 9 421 433
9 14 4 20
9 15 483 506
10 2 39 55
10 3 141 148
10 4 435 449
10 5 261 270
10 6 187 208
10 7 157 182
10 1 379 389
10 8 226 232
10 9 395 404
10 10 98 119
10 11 347 358
10 12 333 354
10 13 64 87
10 14 3 20
10 15 311 333
