1 2 347 355
1 3 299 306
1 4 117 120
1 5 243 248
1 6 321 325
1 7 274 281
1 8 74 81
1 9 225 230
1 10 368 373
1 11 126 151
1 12 169 174
1 13 412 419
1 14 40 58
1 15 7 27
2 2 346 352
2 3 298 302
2 4 106 110
2 5 243 247
2 6 322 326
2 7 274 280
2 8 73 79
2 9 227 229
2 10 371 372
2 11 141 148
2 12 170 174
2 13 412 420
2 14 40 59
2 15 3 29
3 1 161 164
3 2 379 389
3 3 219 231
3 4 199 212
3 5 61 83
3 6 296 312
3 7 402 405
3 8 426 429
3 9 242 246
3 10 354 359
3 11 0 23
3 12 94 113
3 14 332 342
3 15 35 50
4 1 162 165
4 2 381 390
4 3 223 231
4 4 204 212
4 5 65 86
4 6 296 311
4 7 403 406
4 10 355 359
4 11 8 19
4 12 96 112
4 13 259 277
4 14 323 332
4 15 31 50
5 1 257 258
5 2 101 115
5 3 182 198
5 4 339 364
5 5 368 384
5 6 231 244
5 7 8 13
5 8 399 407
5 9 157 163
5 10 209 215
5 12 432 447
5 13 125 131
5 14 311 327
5 15 36 59
5 11 69 88
6 1 257 261
6 2 100 115
6 3 182 198
6 4 339 362
6 5 369 383
6 6 230 243
6 7 6 11
6 8 398 410
6 9 156 162
6 10 209 214
6 11 36 55
6 12 432 447
6 14 310 325
6 15 70 86
7 1 60 76
7 2 233 254
7 3 265 285
7 4 322 338
7 5 410 431
7 6 172 194
7 7 5 17
7 8 86 101
7 9 149 162
7 10 443 458
7 12 116 140
7 13 201 221
7 14 293 313
7 15 28 48
8 1 59 76
8 2 235 254
8 3 268 285
8 4 320 339
8 5 411 436
8 6 172 196
8 7 6 18
8 8 85 105
8 9 149 163
8 10 444 458
8 11 348 368
8 12 340 370
8 13 201 224
8 14 291 315
8 15 28 47
9 1 327 330
9 2 31 51
9 3 115 133
9 5 231 252
9 6 168 191
9 7 143 155
9 8 200 217
9 9 355 358
9 10 93 99
9 11 298 316
9 12 263 276
9 13 60 77
9 4 371 385
9 14 5 21
9 15 427 449
10 1 327 331
10 2 37 52
10 3 127 134
10 4 370 392
10 5 231 242
10 6 166 187
10 7 143 160
10 8 198 209
10 9 352 357
10 10 93 104
10 11 298 311
10 12 261 275
10 13 59 77
10 14 5 21
10 15 426 448
