1 1 442 444
1 2 394 404
1 3 340 349
1 5 276 284
1 6 364 371
1 7 313 317
1 8 122 132
1 9 258 260
1 10 420 423
1 11 161 171
1 13 469 488
1 14 46 69
1 15 10 32
2 1 441 443
2 2 393 400
2 3 339 344
2 5 276 282
2 6 15 27
2 7 313 317
2 8 84 91
2 9 257 259
2 10 419 421
2 11 162 168
2 13 469 476
2 14 46 69
2 15 7 33
3 1 184 187
3 2 432 443
3 3 248 264
3 5 71 97
3 6 335 355
3 7 458 471
3 8 483 489
3 9 277 279
3 10 404 407
3 11 0 26
3 12 109 128
3 13 296 312
3 14 366 390
3 15 46 51
4 1 185 191
4 2 434 444
4 3 254 264
4 5 74 100
4 6 334 355
4 7 459 462
4 8 217 231
4 10 404 407
4 12 111 124
4 13 296 319
4 14 368 393
4 15 39 55
5 1 292 294
5 2 115 133
5 3 207 226
5 4 386 399
5 5 418 438
5 6 263 279
5 7 11 15
5 8 453 463
5 9 181 184
5 10 240 244
5 11 43 66
5 12 491 506
5 13 143 149
5 14 354 371
5 15 88 97
6 1 293 297
6 2 115 132
6 3 209 226
6 4 387 394
6 5 418 436
6 6 262 277
6 7 10 13
6 8 453 467
6 9 180 185
6 10 239 242
6 11 42 61
6 12 490 506
6 13 143 147
6 14 353 370
6 15 84 98
7 1 69 88
7 2 265 290
7 3 302 325
7 5 465 492
7 6 196 224
7 7 8 19
7 8 98 116
7 9 171 183
7 10 504 518
7 12 134 158
7 13 229 243
7 14 333 357
7 15 37 50
8 1 68 87
8 2 267 291
8 3 304 325
8 5 466 497
8 6 195 224
8 7 10 21
8 8 97 121
8 9 167 179
8 10 506 519
8 11 401 416
8 12 134 158
8 13 230 253
8 14 332 359
9 1 372 376
9 2 36 59
9 3 131 153
9 5 262 288
9 6 191 218
9 7 165 177
9 8 223 248
9 9 404 406
9 10 106 112
9 11 340 357
9 13 421 447
9 4 69 88
9 12 295 313
9 14 7 26
9 15 489 510
10 1 373 376
10 2 43 61
10 3 144 154
10 4 419 433
10 5 261 277
10 6 189 214
10 7 160 182
10 8 225 240
10 9 401 404
10 10 107 112
10 11 340 358
10 12 297 311
10 13 69 98
10 14 7 26
10 15 485 500
