1 2 393 402
1 3 338 347
1 5 275 281
1 6 364 369
1 7 310 318
1 8 83 91
1 9 255 261
1 10 417 423
1 11 158 171
1 12 192 200
1 13 467 476
1 14 44 66
1 15 8 31
2 2 391 398
2 3 338 342
2 4 120 125
2 5 276 280
2 6 365 369
2 7 310 317
2 8 82 89
2 9 257 259
2 10 419 421
2 11 160 167
2 12 139 142
2 13 467 475
2 14 45 66
2 15 4 33
3 1 182 185
3 2 430 441
3 3 247 261
3 4 226 241
3 5 69 94
3 6 336 353
3 7 455 459
3 8 483 487
3 9 274 278
3 10 402 407
3 11 0 25
3 12 106 128
3 13 294 297
3 14 379 385
3 15 39 57
4 1 183 188
4 2 432 442
4 3 382 391
4 4 231 240
4 5 74 98
4 6 336 352
4 7 457 461
4 10 402 407
4 11 9 21
4 12 109 127
4 13 294 299
4 14 366 376
4 15 34 57
5 1 291 293
5 2 114 130
5 3 206 224
5 4 385 413
5 5 417 435
5 6 262 277
5 7 8 15
5 8 452 462
5 9 178 184
5 10 237 244
5 12 490 506
5 11 56 67
5 13 141 148
5 14 352 370
5 15 41 65
6 1 291 296
6 2 113 130
6 3 206 224
6 4 384 411
6 5 418 434
6 6 261 275
6 7 7 13
6 8 451 464
6 9 177 184
6 10 237 243
6 11 40 62
6 12 489 506
6 14 351 368
6 15 80 100
6 13 133 147
7 1 68 87
7 2 264 288
7 3 300 322
7 4 365 376
7 5 465 489
7 6 195 220
7 7 6 19
7 8 97 114
7 9 168 183
7 10 502 518
7 12 131 158
7 13 227 244
7 14 332 355
7 15 32 54
8 1 66 86
8 2 266 288
8 3 304 323
8 4 362 384
8 5 465 494
8 6 195 222
8 7 7 21
8 8 96 119
8 9 169 185
8 10 503 519
8 11 402 419
8 12 129 158
8 13 227 253
8 14 330 357
8 15 34 54
9 1 371 374
9 2 35 57
9 3 130 151
9 5 262 286
9 6 190 217
9 7 160 175
9 8 226 246
9 9 399 406
9 10 105 112
9 11 337 358
9 12 298 312
9 13 68 88
9 4 421 437
9 14 6 23
9 15 485 509
10 1 371 374
10 2 42 58
10 3 142 151
10 4 418 448
10 5 262 274
10 6 188 212
10 7 162 181
10 8 224 237
10 9 399 405
10 10 105 117
10 11 338 353
10 12 295 311
10 13 67 87
10 14 6 23
10 15 311 335
