1 1 414 415
1 2 369 377
1 3 318 325
1 4 124 127
1 5 258 264
1 6 341 346
1 7 292 298
1 8 78 86
1 9 240 244
1 10 392 396
1 11 149 160
1 12 181 186
1 13 438 457
1 14 42 62
1 15 8 30
2 2 367 374
2 3 317 321
2 4 113 117
2 5 258 263
2 6 342 347
2 7 292 297
2 8 77 84
2 9 241 243
2 10 393 395
2 11 150 157
2 12 180 185
2 13 439 446
2 14 42 63
2 15 4 31
3 1 171 175
3 2 403 414
3 3 232 245
3 4 215 226
3 5 65 89
3 6 314 332
3 7 428 431
3 8 452 457
3 9 258 261
3 10 377 381
3 11 0 24
3 12 100 120
3 13 276 279
3 14 345 364
3 15 37 53
4 1 172 177
4 2 406 415
4 3 237 245
4 4 217 225
4 5 69 92
4 6 315 331
4 7 429 432
4 10 377 381
4 11 9 20
4 12 103 120
4 13 276 280
4 14 344 367
4 15 32 54
5 1 273 275
5 2 107 123
5 3 193 210
5 4 361 387
5 5 392 409
5 6 246 260
5 7 9 14
5 8 424 433
5 9 168 173
5 10 223 229
5 11 39 63
5 12 459 475
5 13 133 139
5 14 331 347
5 15 73 94
6 1 274 277
6 2 106 122
6 3 193 210
6 4 361 385
6 5 392 407
6 6 245 258
6 7 7 12
6 8 423 436
6 9 167 174
6 10 222 228
6 11 38 58
6 12 459 475
6 14 330 346
6 15 72 91
6 13 370 381
7 1 64 81
7 2 247 270
7 3 281 303
7 4 342 353
7 5 436 459
7 6 183 207
7 7 6 18
7 8 91 108
7 9 158 172
7 10 472 486
7 12 123 148
7 13 213 228
7 14 312 333
7 15 31 50
8 1 63 81
8 2 250 271
8 3 285 303
8 4 340 360
8 5 436 463
8 6 183 208
8 7 7 19
8 8 90 112
8 9 159 173
8 10 472 487
8 11 369 393
8 12 361 390
8 13 214 237
8 14 310 335
8 15 34 51
9 1 348 351
9 2 33 54
9 3 122 142
9 5 245 268
9 6 179 204
9 7 153 165
9 8 211 231
9 9 375 380
9 10 99 105
9 11 317 336
9 12 279 293
9 13 64 82
9 4 395 410
9 14 6 22
9 15 454 477
10 1 348 352
10 2 39 55
10 3 134 142
10 4 393 417
10 5 245 258
10 6 176 199
10 7 152 170
10 8 211 223
10 9 374 379
10 10 99 105
10 11 317 336
10 12 277 298
10 13 63 82
10 14 5 22
10 15 453 476
