1 1 441 443
1 2 394 403
1 3 339 347
1 4 133 136
1 5 276 282
1 6 364 369
1 7 312 316
1 8 85 91
1 9 257 260
1 10 419 422
1 11 160 171
1 12 192 195
1 13 468 473
1 14 45 67
1 15 8 32
2 1 440 442
2 2 392 399
2 3 338 342
2 4 120 124
2 5 276 280
2 6 366 370
2 7 312 316
2 8 83 89
2 9 257 259
2 10 418 421
2 11 160 167
2 12 192 197
2 13 468 475
2 14 46 67
2 15 6 32
3 1 182 187
3 2 430 441
3 3 247 262
3 4 228 241
3 5 70 95
3 6 335 353
3 7 457 459
3 8 482 486
3 9 276 278
3 10 403 406
3 11 0 25
3 12 107 128
3 15 40 57
4 1 184 190
4 2 433 443
4 3 253 262
4 4 222 239
4 5 74 98
4 6 343 350
4 7 458 460
4 9 278 279
4 10 403 407
4 11 9 19
4 12 110 128
4 14 368 375
4 15 38 57
5 1 291 293
5 2 114 131
5 3 206 225
5 4 385 412
5 5 417 436
5 6 262 276
5 7 9 13
5 8 452 462
5 9 180 185
5 10 238 243
5 11 42 66
5 12 490 506
5 13 142 148
5 14 353 370
5 15 79 97
6 1 292 296
6 2 113 130
6 3 208 224
6 4 384 410
6 5 418 435
6 6 261 275
6 7 8 12
6 8 451 465
6 9 179 185
6 10 238 242
6 11 41 61
6 12 490 505
6 14 353 368
6 15 81 97
7 1 68 87
7 2 264 288
7 3 301 323
7 4 365 385
7 5 465 490
7 6 196 219
7 7 8 18
7 8 97 114
7 9 170 182
7 10 503 518
7 12 132 157
7 11 33 54
7 15 405 424
7 13 229 243
7 14 333 355
8 1 67 86
8 2 266 289
8 3 305 323
8 4 362 384
8 5 466 492
8 6 195 222
8 7 9 20
8 8 97 119
8 9 170 184
8 10 505 518
8 11 394 418
8 12 131 158
8 13 229 253
8 14 331 357
9 1 371 374
9 2 35 58
9 3 130 152
9 5 263 286
9 6 191 217
9 7 164 167
9 8 229 247
9 9 403 405
9 10 106 112
9 11 338 357
9 12 297 313
9 13 69 87
9 4 421 437
9 14 7 24
9 15 484 509
10 1 371 374
10 2 42 59
10 3 143 152
10 4 419 443
10 5 262 275
10 6 188 212
10 7 163 180
10 8 225 237
10 9 400 404
10 10 106 112
10 11 339 358
10 12 296 317
10 13 68 86
10 14 7 24
10 15 484 508
