1 1 442 444
1 2 394 403
1 3 339 348
1 4 130 136
1 5 276 283
1 6 364 370
1 7 313 318
1 8 86 91
1 9 257 261
1 10 419 423
1 11 160 171
1 12 193 197
1 13 468 488
1 14 45 68
1 15 9 33
2 1 441 443
2 2 393 400
2 3 338 343
2 4 121 125
2 5 276 281
2 6 366 371
2 7 313 316
2 8 85 89
2 9 257 259
2 10 419 421
2 11 161 167
2 12 193 196
2 13 468 476
2 14 45 68
2 15 6 33
3 1 183 187
3 2 432 441
3 3 248 263
3 4 236 242
3 5 71 96
3 6 335 354
3 7 458 461
3 8 483 484
3 10 403 407
3 11 0 25
3 12 108 128
3 13 295 311
3 15 40 57
4 1 184 190
4 2 434 443
4 3 254 263
4 4 233 240
4 5 76 99
4 6 343 352
4 7 458 462
4 9 278 279
4 10 403 408
4 12 111 116
4 13 295 319
4 14 369 375
4 15 38 58
5 1 291 293
5 2 115 131
5 3 206 225
5 4 385 412
5 5 417 436
5 6 263 278
5 7 9 13
5 8 453 461
5 10 238 244
5 11 42 60
5 9 57 67
5 12 490 506
5 13 142 149
5 14 353 371
5 15 78 98
6 1 293 297
6 2 115 131
6 3 208 225
6 4 386 415
6 5 418 436
6 6 262 277
6 7 9 12
6 9 179 185
6 10 238 243
6 11 42 61
6 12 491 506
6 13 142 145
6 14 354 370
6 15 79 98
7 1 69 88
7 2 265 289
7 3 301 324
7 5 465 492
7 6 196 219
7 7 9 19
7 8 98 115
7 9 170 183
7 10 503 518
7 11 34 54
7 12 133 158
7 4 405 424
7 13 228 243
7 14 333 356
8 1 68 87
8 2 267 290
8 3 305 324
8 4 363 385
8 5 466 492
8 6 195 224
8 7 10 21
8 8 97 120
8 9 166 184
8 10 505 519
8 11 387 416
8 15 396 418
8 12 132 158
8 13 229 253
8 14 331 359
9 1 372 375
9 2 35 58
9 3 131 152
9 5 263 287
9 9 324 337
9 6 190 218
9 7 162 176
9 8 226 247
9 10 104 113
9 11 338 357
9 4 462 472
9 12 297 315
9 13 69 88
9 14 7 25
9 15 484 510
10 1 372 375
10 2 42 59
10 3 143 153
10 4 419 444
10 5 262 275
10 6 188 212
10 7 164 174
10 8 225 238
10 9 400 404
10 10 103 120
10 11 339 359
10 12 296 318
10 13 68 87
10 14 6 25
10 15 482 509
