1 1 442 444
1 2 394 403
1 3 340 348
1 4 129 136
1 5 276 283
1 7 313 321
1 8 85 92
1 9 257 261
1 10 419 423
1 11 159 177
1 12 452 461
1 6 452 461
1 13 468 477
1 14 45 68
1 15 9 33
2 1 441 443
2 2 392 400
2 3 338 343
2 4 120 125
2 5 276 281
2 7 313 317
2 8 84 90
2 9 257 258
2 10 419 421
2 11 378 387
2 12 161 168
2 13 468 476
2 14 46 68
2 15 6 33
3 1 183 187
3 2 430 441
3 3 247 263
3 4 223 241
3 5 68 96
3 6 336 354
3 7 457 460
3 8 482 487
3 9 275 278
3 10 402 406
3 11 0 26
3 12 107 128
3 14 367 389
3 15 40 57
4 1 184 190
4 2 433 443
4 3 253 263
4 4 223 240
4 5 72 99
4 6 334 355
4 7 458 461
4 9 405 407
4 10 403 405
4 11 9 22
4 12 110 128
4 13 311 314
4 14 367 392
4 15 37 58
5 1 291 294
5 2 115 132
5 3 207 226
5 4 386 403
5 5 418 437
5 6 263 278
5 7 10 14
5 8 453 463
5 9 180 185
5 10 238 244
5 11 43 67
5 12 491 506
5 13 143 149
5 14 353 371
5 15 79 98
6 1 292 296
6 2 113 131
6 3 207 225
6 4 385 410
6 5 418 436
6 6 261 277
6 7 9 12
6 8 452 465
6 9 179 185
6 10 238 242
6 11 41 61
6 12 490 506
6 14 353 369
6 15 82 98
7 1 68 87
7 2 264 289
7 3 301 324
7 4 372 377
7 5 465 491
7 6 195 222
7 7 7 19
7 8 97 115
7 9 170 182
7 10 503 518
7 12 132 158
7 13 228 244
7 14 332 356
7 15 34 44
8 1 67 87
8 2 267 290
8 3 304 324
8 4 363 382
8 5 465 495
8 6 195 225
8 7 8 21
8 8 97 120
8 9 166 178
8 10 504 519
8 11 386 416
8 15 395 419
8 12 132 158
8 13 228 253
8 14 331 358
9 1 372 375
9 2 35 58
9 9 422 432
9 3 131 152
9 5 262 287
9 6 191 218
9 7 162 176
9 8 229 248
9 10 104 112
9 11 339 358
9 12 295 314
9 13 69 88
9 4 428 438
9 14 7 25
9 15 484 510
10 1 372 375
10 2 42 60
10 3 144 153
10 4 420 444
10 5 328 347
10 6 189 213
10 7 164 181
10 8 262 275
10 9 400 405
10 10 106 112
10 11 340 359
10 12 296 319
10 13 68 96
10 14 6 25
10 15 484 509
