1 1 441 443
1 2 394 403
1 3 339 348
1 4 133 136
1 5 276 283
1 9 256 261
1 10 418 422
1 11 160 170
1 12 143 147
1 13 468 473
1 14 44 67
1 15 9 32
2 2 392 399
2 3 338 343
2 4 120 123
2 5 276 281
2 9 256 260
2 10 418 422
2 11 160 167
2 12 194 197
2 13 469 474
2 14 44 68
2 15 5 33
3 2 431 443
3 3 248 263
3 8 375 390
3 4 233 239
3 5 70 95
3 9 276 280
3 10 403 407
3 11 0 25
3 12 107 129
3 13 183 187
3 14 366 372
3 15 40 57
4 2 433 443
4 3 370 393
4 1 253 263
4 4 233 238
4 5 74 99
4 9 403 408
4 11 9 24
4 12 110 129
4 13 185 191
4 14 367 370
4 15 35 58
5 1 292 294
5 2 115 132
5 3 207 226
5 4 386 413
5 5 417 437
5 9 180 186
5 10 239 244
5 11 43 67
5 12 491 506
5 13 144 149
5 14 354 371
5 15 79 98
6 1 292 296
6 2 114 131
6 3 208 225
6 4 386 411
6 5 417 436
6 9 179 185
6 10 238 243
6 11 41 62
6 12 489 506
6 14 353 370
6 15 82 98
6 8 395 407
7 1 69 87
7 2 265 289
7 3 300 323
7 5 465 491
7 9 170 184
7 10 504 518
7 12 133 158
7 13 230 243
7 14 333 356
7 4 205 221
7 15 33 55
8 1 68 87
8 2 267 290
8 3 305 337
8 8 338 358
8 4 369 382
8 5 465 497
8 9 170 186
8 10 512 519
8 11 94 97
8 12 132 158
8 13 228 253
8 14 332 338
8 15 38 54
9 1 372 375
9 2 36 59
9 4 421 437
9 6 295 310
9 3 131 153
9 5 262 287
9 9 400 406
9 10 106 113
9 11 339 358
9 12 162 165
9 13 72 83
9 14 7 25
9 15 488 510
10 1 372 376
10 2 42 60
10 3 143 153
10 4 420 443
10 5 261 276
10 9 400 405
10 10 106 112
10 11 339 358
10 12 296 311
10 13 69 91
10 14 7 25
10 15 484 508
