1 15 9 33
1 14 45 67
1 8 85 92
1 4 130 136
1 11 160 172
1 11 193 199
1 11 247 250
1 9 257 260
1 5 276 283
1 7 312 318
1 3 339 348
1 6 365 369
1 2 394 403
1 10 418 423
1 1 441 444
1 13 468 474
2 15 6 33
2 14 45 68
2 8 84 90
2 4 120 125
2 11 161 168
2 11 193 198
2 13 208 211
2 9 257 258
2 5 276 281
2 7 312 317
2 3 338 343
2 6 366 370
2 2 392 400
2 10 418 421
2 1 441 443
2 13 469 475
3 11 0 25
3 15 40 57
3 5 68 96
3 12 107 128
3 1 183 187
3 4 223 242
3 3 248 263
3 9 276 278
3 6 335 354
3 10 403 406
3 2 430 442
3 7 457 460
3 8 482 487
4 11 9 22
4 15 38 57
4 5 73 99
4 12 110 128
4 1 184 190
4 8 218 219
4 4 223 240
4 3 253 263
4 9 278 279
4 6 336 355
4 14 368 391
4 10 403 406
4 2 433 443
4 7 458 461
5 7 10 14
5 11 42 66
5 12 57 67
5 15 79 98
5 2 115 132
5 13 143 149
5 9 180 185
5 3 206 225
5 10 238 244
5 6 263 276
5 1 291 294
5 14 353 370
5 4 386 402
5 5 417 437
5 8 452 463
5 12 490 507
6 7 9 12
6 11 42 61
6 15 82 97
6 2 113 131
6 9 179 184
6 3 207 225
6 10 238 242
6 6 262 276
6 1 292 296
6 14 353 369
6 4 385 411
6 5 418 436
6 8 452 466
6 4 480 483
6 12 490 506
7 7 7 19
7 12 33 54
7 1 68 87
7 8 97 115
7 12 132 158
7 9 170 182
7 6 197 222
7 13 228 243
7 2 263 289
7 3 301 324
7 14 332 356
7 4 365 385
7 12 385 424
7 5 465 491
7 10 503 518
8 7 9 21
8 12 33 44
8 15 51 57
8 1 67 87
8 8 97 120
8 12 131 158
8 9 166 177
8 6 195 224
8 13 229 253
8 2 267 290
8 3 304 324
8 14 331 358
8 4 363 386
8 12 386 418
8 11 395 419
8 5 465 496
8 10 504 519
9 14 7 25
9 2 35 59
9 13 70 88
9 10 102 113
9 13 123 126
9 3 131 152
9 7 162 176
9 6 191 218
9 8 229 247
9 5 262 287
9 12 298 314
9 5 322 337
9 12 339 357
9 1 372 375
9 10 401 406
9 13 423 437
9 15 461 468
9 15 485 510
9 9 504 505
10 14 6 25
10 2 42 60
10 13 68 87
10 13 103 106
10 10 106 112
10 3 144 153
10 7 164 181
10 6 188 213
10 8 225 238
10 5 250 256
10 8 262 275
10 5 287 293
10 12 296 318
10 5 329 335
10 11 339 360
10 1 372 375
10 9 400 405
10 8 410 419
10 4 419 444
10 15 485 509
