1 15 9 33
1 14 45 67
1 8 86 91
1 4 133 136
1 11 160 173
1 11 193 199
1 9 257 261
1 5 276 283
1 7 313 317
1 3 339 348
1 8 352 353
1 6 365 370
1 2 394 404
1 10 419 423
1 1 442 444
1 13 468 474
2 15 6 33
2 14 46 68
2 8 85 90
2 4 121 125
2 11 161 167
2 11 193 197
2 15 201 204
2 13 208 211
2 9 257 258
2 10 258 259
2 5 276 281
2 7 313 316
2 3 338 343
2 6 366 371
2 2 393 400
2 10 419 421
2 1 441 443
2 13 469 475
3 11 0 25
3 15 40 58
3 5 72 96
3 12 108 128
3 1 183 187
3 4 233 246
3 3 248 263
3 9 277 279
3 13 296 308
3 6 335 355
3 10 403 407
3 2 432 442
3 7 457 461
3 8 483 485
4 15 39 58
4 5 76 99
4 12 111 116
4 1 184 190
4 10 203 205
4 8 217 219
4 4 223 240
4 3 254 263
4 9 278 279
4 13 296 314
4 6 343 352
4 14 369 375
4 10 403 408
4 2 433 443
4 7 458 462
5 7 9 13
5 11 42 60
5 12 56 67
5 15 78 98
5 2 114 131
5 13 143 148
5 10 180 183
5 3 206 225
5 10 238 244
5 6 262 277
5 1 291 293
5 14 353 370
5 4 385 412
5 5 417 436
5 8 452 462
5 12 490 507
6 7 9 12
6 11 42 61
6 15 79 98
6 2 114 131
6 13 143 146
6 9 179 185
6 3 208 225
6 10 238 243
6 6 262 277
6 1 293 296
6 14 353 369
6 4 385 415
6 5 418 435
6 4 447 450
6 8 452 457
6 4 480 484
6 12 490 507
7 7 8 19
7 15 36 51
7 1 69 87
7 8 98 115
7 12 133 158
7 9 170 183
7 6 196 222
7 13 229 242
7 2 265 289
7 3 301 324
7 14 333 356
7 4 365 385
7 12 385 413
7 11 405 424
7 5 465 492
7 10 503 518
7 7 514 515
8 7 9 21
8 12 34 40
8 1 68 87
8 8 97 120
8 12 132 158
8 9 165 184
8 6 195 224
8 13 229 252
8 2 267 290
8 3 305 324
8 14 331 358
8 4 363 386
8 12 386 389
8 11 394 412
8 12 400 418
8 5 466 493
8 10 506 519
9 14 7 25
9 2 35 58
9 13 69 88
9 13 101 104
9 10 104 113
9 13 122 126
9 3 131 152
9 7 162 176
9 6 190 218
9 8 230 247
9 5 263 287
9 12 297 315
9 5 332 337
9 12 338 357
9 1 372 375
9 10 401 403
9 9 403 405
9 13 421 438
9 15 484 510
10 14 6 25
10 2 42 60
10 13 68 87
10 10 103 117
10 3 143 153
10 7 163 174
10 6 188 212
10 8 227 237
10 8 262 275
10 12 296 318
10 5 330 334
10 11 339 359
10 1 372 375
10 10 399 404
10 8 411 417
10 4 419 444
10 15 483 508
