1 1 441 444
1 2 394 403
1 3 339 348
1 4 130 136
1 5 276 283
1 6 365 369
1 7 312 318
1 8 85 92
1 9 257 260
1 10 418 423
1 11 160 172
1 12 193 199
1 13 468 474
1 14 45 68
1 15 8 33
2 1 441 443
2 2 392 400
2 3 338 343
2 4 120 125
2 5 276 281
2 6 366 370
2 7 312 317
2 8 84 90
2 9 257 258
2 10 418 421
2 11 161 168
2 12 193 198
2 13 468 476
2 14 45 68
2 15 6 33
3 1 183 187
3 2 430 442
3 3 248 263
3 4 223 242
3 5 68 96
3 6 335 354
3 7 457 460
3 8 482 487
3 9 276 278
3 10 403 406
3 11 0 25
3 12 107 128
3 14 379 388
3 15 40 58
4 1 184 190
4 2 433 443
4 3 253 263
4 4 223 240
4 5 73 99
4 6 336 355
4 7 458 461
4 8 218 219
4 9 278 279
4 10 403 406
4 11 9 22
4 12 110 128
4 13 295 298
4 14 368 392
4 15 37 58
5 1 291 294
5 2 115 132
5 3 206 225
5 4 386 402
5 5 417 437
5 6 263 276
5 7 10 14
5 8 452 463
5 9 180 185
5 10 238 244
5 11 42 67
5 12 490 507
5 13 143 149
5 14 353 371
5 15 79 98
6 1 292 296
6 2 113 131
6 3 207 225
6 4 385 411
6 5 418 436
6 6 262 276
6 7 9 12
6 8 452 466
6 9 179 184
6 10 238 242
6 11 42 61
6 12 490 506
6 13 142 146
6 14 353 369
6 15 81 98
7 1 68 87
7 2 263 289
7 3 301 324
7 4 365 385
7 5 465 491
7 6 197 222
7 7 7 19
7 8 97 115
7 9 170 182
7 10 503 518
7 12 132 158
7 11 33 54
7 13 228 244
7 14 332 356
8 1 67 87
8 2 267 290
8 3 304 324
8 4 363 386
8 5 465 496
8 6 195 224
8 7 9 21
8 8 97 120
8 9 166 177
8 10 504 519
8 11 395 419
8 12 131 158
8 13 228 253
8 14 331 358
8 15 50 57
9 1 372 375
9 2 35 59
9 3 131 152
9 5 262 287
9 9 322 337
9 6 191 218
9 7 162 176
9 8 229 247
9 10 104 113
9 11 339 357
9 12 298 314
9 13 69 88
9 4 423 438
9 14 7 25
9 15 484 510
10 1 372 375
10 2 42 60
10 3 144 153
10 4 419 444
10 5 250 256
10 6 188 213
10 7 164 181
10 8 225 238
10 9 400 405
10 10 106 112
10 11 339 360
10 12 296 318
10 13 68 87
10 14 6 25
10 15 484 509
