1 15 9 32
1 14 45 67
1 8 85 91
1 4 132 135
1 11 160 173
1 11 193 199
1 9 257 260
1 5 275 282
1 7 313 317
1 3 338 348
1 8 351 352
1 6 364 370
1 2 393 403
1 10 419 423
1 1 441 443
1 15 446 453
1 13 468 473
2 15 5 33
2 14 46 67
2 13 79 82
2 8 84 89
2 4 120 125
2 11 161 167
2 11 193 197
2 15 201 211
2 9 257 258
2 10 258 259
2 5 275 281
2 7 313 316
2 3 338 343
2 6 365 371
2 2 392 399
2 10 419 421
2 1 441 443
2 13 468 475
3 11 0 24
3 15 40 57
3 5 70 96
3 12 107 127
3 1 183 187
3 4 232 246
3 3 248 262
3 9 277 278
3 13 295 311
3 6 335 355
3 10 403 407
3 2 431 441
3 8 451 452
3 7 457 470
3 8 482 485
4 15 38 58
4 5 75 98
4 12 110 128
4 1 184 190
4 10 203 204
4 8 217 218
4 4 222 240
4 3 253 262
4 9 278 279
4 13 295 317
4 6 335 351
4 14 369 374
4 3 384 391
4 10 403 407
4 2 433 443
4 7 458 461
5 7 9 13
5 11 41 60
5 12 55 66
5 15 78 99
5 2 111 131
5 13 142 148
5 10 180 183
5 3 203 224
5 10 238 243
5 6 262 277
5 1 290 293
5 14 353 370
5 4 384 412
5 5 417 436
5 8 452 461
5 12 490 506
6 7 8 12
6 11 41 61
6 15 78 97
6 2 114 131
6 9 179 185
6 3 207 224
6 10 238 242
6 6 261 276
6 1 292 299
6 14 353 369
6 4 384 415
6 5 417 435
6 4 446 463
6 4 479 483
6 12 490 506
7 7 8 19
7 15 34 53
7 1 68 87
7 8 98 114
7 12 132 157
7 9 170 182
7 6 195 222
7 13 228 241
7 2 264 288
7 3 301 323
7 14 333 356
7 4 363 385
7 12 382 413
7 11 404 424
7 5 464 491
7 10 503 518
7 7 513 515
8 7 9 20
8 12 33 40
8 13 42 45
8 1 67 86
8 11 93 96
8 8 97 119
8 12 131 158
8 9 165 184
8 6 194 224
8 13 229 252
8 2 266 289
8 3 305 323
8 14 331 358
8 4 362 386
8 12 386 418
8 11 393 411
8 5 466 492
8 8 475 476
8 8 492 493
8 10 505 518
9 14 7 24
9 2 35 58
9 13 69 87
9 13 101 104
9 10 104 112
9 13 122 126
9 3 130 152
9 7 161 176
9 6 190 218
9 8 229 247
9 5 263 286
9 12 297 314
9 5 331 337
9 12 338 357
9 1 371 374
9 10 401 403
9 9 403 405
9 13 421 437
9 15 484 509
10 14 6 24
10 2 41 59
10 13 68 87
10 10 103 117
10 3 143 152
10 7 163 174
10 6 188 212
10 5 219 222
10 8 227 236
10 8 262 275
10 12 296 318
10 5 330 334
10 11 339 358
10 1 371 375
10 10 399 404
10 8 410 412
10 4 418 448
10 15 482 508
