1 1 441 443
1 2 394 403
1 3 338 348
1 4 133 136
1 5 275 283
1 6 364 370
1 7 312 317
1 8 84 92
1 9 256 261
1 10 418 422
1 11 160 170
1 12 143 146
1 13 468 473
1 14 44 67
1 15 8 32
2 1 440 443
2 2 392 399
2 3 338 343
2 4 120 124
2 5 275 281
2 6 100 114
2 7 312 317
2 8 83 90
2 9 255 260
2 10 418 422
2 11 160 170
2 12 192 197
2 13 469 475
2 14 44 68
2 15 5 33
3 2 431 443
3 3 247 263
3 1 377 390
3 4 227 242
3 5 69 96
3 6 335 355
3 7 457 460
3 8 482 489
3 9 276 279
3 10 403 407
3 11 0 25
3 12 106 129
3 13 183 188
3 14 367 372
3 15 40 57
4 2 433 443
4 3 370 393
4 1 253 263
4 4 223 239
4 5 74 99
4 6 335 354
4 7 458 461
4 8 481 485
4 9 404 407
4 11 9 23
4 12 110 128
4 13 185 191
4 14 367 370
4 15 35 57
5 1 291 294
5 2 115 132
5 3 206 226
5 4 386 402
5 5 417 437
5 6 262 278
5 7 10 14
5 8 452 463
5 9 180 187
5 10 239 244
5 11 42 66
5 12 490 507
5 13 27 30
5 14 354 371
5 15 79 98
6 1 292 296
6 2 113 131
6 3 207 225
6 4 385 410
6 5 417 435
6 6 261 276
6 7 8 15
6 8 451 466
6 9 178 188
6 10 237 242
6 11 41 61
6 12 489 506
6 14 352 369
6 15 82 97
7 1 69 87
7 2 264 289
7 3 301 324
7 4 373 385
7 5 465 491
7 6 195 222
7 7 7 19
7 8 97 115
7 9 170 184
7 10 504 518
7 11 52 55
7 12 386 412
7 13 230 243
7 14 334 355
7 15 33 52
8 1 68 87
8 2 267 290
8 3 332 356
8 14 304 324
8 4 368 382
8 5 466 497
8 6 195 223
8 7 9 20
8 8 97 120
8 9 170 185
8 10 505 518
8 11 401 415
8 12 133 158
8 13 229 253
8 15 37 54
9 1 372 375
9 2 36 59
9 4 422 437
9 3 131 153
9 5 262 287
9 6 190 218
9 7 164 176
9 8 225 247
9 9 400 406
9 10 106 113
9 11 339 358
9 12 308 311
9 13 72 85
9 14 7 25
9 15 485 510
10 1 372 375
10 2 42 60
10 3 143 153
10 4 419 442
10 5 261 276
10 6 188 214
10 7 163 182
10 8 224 239
10 9 400 405
10 11 339 357
10 12 296 319
10 13 96 112
10 10 69 82
10 14 7 25
10 15 484 508
