1 15 8 32
1 14 45 67
1 8 84 91
1 8 129 131
1 11 144 147
1 11 159 173
1 12 192 198
1 11 246 249
1 9 257 259
1 5 275 282
1 7 312 320
1 3 339 347
1 8 351 352
1 6 365 369
1 2 394 403
1 10 418 423
1 1 441 443
1 13 468 474
2 15 5 33
2 14 45 67
2 8 79 90
2 4 120 124
2 11 160 167
2 11 193 204
2 13 207 210
2 9 257 258
2 5 275 281
2 7 312 316
2 3 338 343
2 6 366 370
2 2 392 399
2 10 418 420
2 1 440 442
2 13 468 475
3 11 0 25
3 8 28 29
3 15 39 57
3 5 68 96
3 12 106 128
3 1 182 186
3 4 223 246
3 3 247 262
3 9 276 278
3 6 335 354
3 3 381 388
3 10 403 406
3 2 430 441
3 7 457 459
3 8 481 486
4 11 8 22
4 15 37 57
4 5 72 99
4 12 109 127
4 1 183 190
4 8 218 219
4 4 222 240
4 3 253 262
4 9 278 279
4 6 335 354
4 14 368 391
4 10 403 406
4 2 432 443
4 7 458 460
4 8 481 482
5 7 9 13
5 11 42 66
5 12 57 67
5 15 78 97
5 2 114 131
5 13 143 148
5 9 180 185
5 3 206 225
5 10 238 244
5 6 263 276
5 1 291 293
5 14 353 370
5 4 385 402
5 5 417 437
5 8 452 462
5 12 490 506
6 7 8 12
6 11 41 61
6 15 81 97
6 2 113 131
6 9 179 183
6 3 207 224
6 10 238 242
6 6 261 276
6 1 292 295
6 14 353 368
6 4 384 411
6 5 417 435
6 8 451 465
6 4 480 483
6 12 490 505
7 7 7 19
7 12 33 54
7 1 68 87
7 8 97 115
7 12 132 158
7 9 170 182
7 6 196 221
7 13 228 243
7 2 263 288
7 3 300 323
7 14 332 355
7 4 365 377
7 12 378 424
7 5 464 491
7 10 503 518
8 7 8 21
8 12 33 44
8 15 50 57
8 1 67 86
8 8 97 120
8 12 128 158
8 9 170 176
8 6 194 224
8 13 228 252
8 2 266 289
8 3 304 324
8 14 331 357
8 4 362 384
8 12 385 416
8 11 394 418
8 5 464 496
8 10 504 519
9 14 7 24
9 2 35 58
9 13 69 88
9 8 92 93
9 10 101 112
9 13 122 126
9 3 130 152
9 7 162 176
9 6 190 217
9 8 229 247
9 5 262 287
9 12 297 314
9 5 321 337
9 12 338 357
9 5 362 365
9 1 372 374
9 10 401 405
9 13 422 437
9 15 460 467
9 15 484 509
9 9 504 505
10 14 6 24
10 2 42 59
10 13 68 87
10 13 103 106
10 10 106 112
10 7 114 117
10 3 143 152
10 7 163 181
10 6 188 212
10 8 225 238
10 5 246 255
10 8 261 275
10 5 286 293
10 12 296 318
10 5 329 335
10 11 339 358
10 5 358 364
10 1 372 374
10 10 400 402
10 9 402 404
10 8 410 418
10 4 419 443
10 13 475 478
10 15 484 508
