1 15 8 31
1 14 44 66
1 8 83 91
1 4 133 136
1 11 143 146
1 11 160 170
1 11 246 249
1 9 256 260
1 5 275 282
1 7 311 317
1 3 338 347
1 6 363 369
1 2 393 402
1 10 418 422
1 1 440 443
1 13 468 472
2 15 5 32
2 14 44 67
2 13 78 81
2 8 82 90
2 6 99 113
2 4 119 124
2 12 139 142
2 6 150 154
2 11 160 170
2 11 192 197
2 9 255 260
2 5 275 281
2 7 312 316
2 3 337 343
2 6 364 370
2 2 392 399
2 10 418 421
2 1 440 442
2 13 468 474
3 11 0 25
3 15 40 57
3 5 69 95
3 12 105 128
3 1 182 187
3 4 227 241
3 3 247 262
3 4 268 271
3 9 276 278
3 6 335 355
3 14 367 371
3 3 377 390
3 10 403 406
3 2 430 442
3 7 457 459
3 8 482 488
4 11 9 23
4 15 34 57
4 5 73 99
4 12 109 127
4 1 185 189
4 13 187 191
4 4 222 239
4 3 252 262
4 6 334 354
4 3 369 392
4 9 404 407
4 2 433 442
4 7 458 460
4 8 481 489
5 7 9 14
5 11 42 66
5 15 79 97
5 2 114 131
5 9 180 187
5 3 206 225
5 10 239 244
5 6 262 277
5 1 291 293
5 14 354 370
5 4 385 402
5 5 416 436
5 8 452 462
5 12 490 506
6 7 8 14
6 11 40 60
6 15 81 97
6 2 113 130
6 15 143 146
6 9 178 187
6 3 207 224
6 4 232 235
6 10 237 241
6 6 261 276
6 1 291 295
6 15 340 343
6 14 352 368
6 4 385 410
6 5 416 435
6 8 451 466
6 4 479 482
6 12 488 505
7 7 7 18
7 15 33 51
7 1 69 86
7 8 97 115
7 12 132 157
7 9 170 183
7 6 194 222
7 13 227 243
7 15 246 249
7 2 264 288
7 3 300 323
7 14 333 354
7 4 365 384
7 12 385 414
7 11 403 423
7 5 465 490
7 10 504 518
8 7 9 20
8 15 39 42
8 1 67 86
8 11 93 96
8 8 97 120
8 12 132 158
8 9 170 185
8 6 194 225
8 13 228 252
8 2 267 289
8 3 303 323
8 3 334 357
8 4 366 382
8 11 387 418
8 12 400 415
8 5 465 496
8 10 505 517
9 14 7 24
9 2 35 58
9 13 72 83
9 10 106 112
9 3 130 152
9 7 164 176
9 8 225 247
9 5 262 287
9 12 295 310
9 12 338 358
9 1 371 375
9 9 400 405
9 2 421 437
9 15 484 509
10 14 7 24
10 2 42 59
10 13 69 81
10 13 95 112
10 7 114 115
10 3 143 152
10 7 163 181
10 6 187 213
10 8 224 238
10 5 261 275
10 12 296 318
10 12 339 357
10 7 366 367
10 1 372 374
10 9 400 405
10 7 405 406
10 5 411 418
10 4 419 442
10 12 458 461
10 15 484 508
