1 1 441 443
1 2 394 403
1 3 339 347
1 4 133 136
1 5 276 282
1 6 364 369
1 7 311 318
1 8 84 92
1 9 256 261
1 10 418 423
1 11 159 171
1 12 143 147
1 13 468 488
1 14 45 67
1 15 8 32
2 2 392 399
2 3 338 343
2 4 120 125
2 5 276 281
2 6 365 370
2 7 312 317
2 8 83 90
2 9 256 260
2 10 418 421
2 11 160 167
2 12 193 197
2 13 468 476
2 14 45 67
2 15 5 33
3 1 183 186
3 2 431 441
3 3 247 262
3 4 229 241
3 5 70 95
3 6 335 354
3 7 457 460
3 8 482 488
3 9 275 278
3 10 402 407
3 11 0 25
3 12 107 128
3 13 295 307
3 14 367 388
3 15 40 57
4 1 184 190
4 2 433 443
4 3 253 262
4 4 232 240
4 5 74 99
4 6 336 354
4 7 458 461
4 8 482 484
4 10 403 407
4 11 10 14
4 12 110 128
4 13 295 298
4 14 367 392
4 15 34 58
5 1 291 293
5 2 115 131
5 3 206 225
5 4 385 413
5 5 418 436
5 6 263 277
5 7 9 14
5 8 452 462
5 9 179 185
5 10 238 244
5 11 42 66
5 12 490 506
5 13 142 149
5 14 353 371
5 15 79 100
6 1 292 296
6 2 114 131
6 3 206 225
6 4 385 411
6 5 418 435
6 6 262 276
6 7 8 13
6 8 452 465
6 9 178 185
6 10 237 243
6 11 41 62
6 12 490 506
6 14 352 369
6 15 81 98
6 13 395 407
7 1 68 87
7 2 264 289
7 3 300 323
7 5 465 491
7 6 195 221
7 7 7 19
7 8 97 115
7 9 170 183
7 10 504 518
7 12 132 158
7 13 228 243
7 14 332 355
7 15 33 54
8 1 67 86
8 2 267 289
8 3 304 324
8 4 363 384
8 5 465 494
8 6 195 223
8 7 9 21
8 8 96 120
8 9 166 184
8 10 504 519
8 11 386 415
8 12 132 158
8 13 228 253
8 14 331 358
8 15 36 54
9 1 371 374
9 2 35 58
9 3 130 152
9 5 262 287
9 6 190 217
9 7 161 176
9 8 226 247
9 9 403 406
9 10 106 113
9 11 338 357
9 12 298 313
9 13 69 87
9 4 421 438
9 14 7 24
9 15 485 509
10 1 371 375
10 2 42 59
10 3 143 152
10 4 419 444
10 5 261 275
10 6 188 213
10 7 163 182
10 8 225 238
10 9 400 405
10 10 106 112
10 11 339 359
10 12 296 318
10 13 68 88
10 14 6 24
10 15 483 508
