1 1 490 493
1 2 438 448
1 3 377 386
1 4 148 151
1 5 306 314
1 6 404 411
1 7 346 353
1 8 93 102
1 9 285 290
1 10 465 470
1 11 178 190
1 12 215 218
1 13 520 543
1 14 50 75
1 15 10 35
2 1 490 491
2 2 436 444
2 3 376 381
2 4 134 138
2 5 306 312
2 6 405 412
2 7 347 352
2 8 92 100
2 9 285 288
2 10 465 468
2 11 179 186
2 12 214 219
2 13 520 528
2 14 50 76
2 15 6 37
3 1 203 207
3 2 479 491
3 3 275 292
3 4 258 266
3 5 78 106
3 6 372 394
3 7 508 511
3 8 536 542
3 9 307 310
3 10 448 452
3 11 0 28
3 12 119 142
3 13 328 346
3 14 407 432
3 15 45 64
4 1 205 211
4 2 481 492
4 3 281 292
4 4 248 266
4 5 82 110
4 6 372 394
4 7 509 512
4 8 535 538
4 9 309 310
4 10 448 452
4 11 11 26
4 12 122 142
4 13 328 353
4 14 408 436
4 15 38 64
5 1 323 326
5 2 128 146
5 3 230 250
5 4 428 458
5 5 464 485
5 6 292 309
5 7 11 16
5 8 503 514
5 9 200 204
5 10 265 271
5 11 47 68
5 12 545 562
5 13 158 165
5 14 392 412
5 15 88 110
6 1 325 329
6 2 127 146
6 3 231 250
6 4 428 456
6 5 464 484
6 6 290 307
6 7 10 14
6 8 502 517
6 9 199 206
6 10 264 270
6 11 46 69
6 12 544 563
6 13 158 163
6 14 392 410
6 15 91 108
7 1 76 97
7 2 294 321
7 3 335 359
7 4 414 418
7 5 517 546
7 6 217 246
7 7 8 21
7 8 108 128
7 9 189 203
7 10 560 576
7 12 147 175
7 11 451 471
7 13 254 270
7 14 370 395
7 15 37 60
8 1 75 96
8 2 297 322
8 3 338 360
8 4 404 425
8 5 517 549
8 6 217 248
8 7 10 23
8 8 107 133
8 9 185 205
8 10 561 576
8 11 438 465
8 15 444 462
8 12 147 176
8 13 254 281
8 14 368 398
9 1 413 416
9 2 39 65
9 3 145 169
9 5 291 319
9 6 212 242
9 7 180 196
9 8 250 275
9 9 448 451
9 10 112 125
9 11 376 397
9 12 330 348
9 13 468 495
9 4 77 98
9 14 8 27
9 15 538 566
10 1 413 417
10 2 47 66
10 3 159 170
10 4 466 493
10 5 290 307
10 6 209 236
10 7 182 202
10 8 250 265
10 10 114 125
10 11 377 398
10 12 329 353
10 13 75 107
10 14 7 27
10 15 538 565
