1 2 346 354
1 3 298 305
1 4 117 120
1 5 243 248
1 6 321 325
1 7 273 281
1 8 73 80
1 9 224 230
1 10 367 373
1 11 125 152
1 12 168 174
1 13 411 419
1 14 39 57
1 15 6 27
2 2 345 351
2 3 297 302
2 4 106 110
2 5 243 246
2 6 322 325
2 7 273 280
2 8 72 78
2 9 227 228
2 10 366 372
2 11 140 147
2 12 169 175
2 13 412 420
2 14 39 58
2 15 3 28
3 2 379 388
3 3 218 230
3 4 197 210
3 5 61 82
3 6 297 311
3 7 402 405
3 8 426 429
3 9 241 246
3 10 353 359
3 11 0 22
3 12 93 112
3 14 334 341
3 15 34 49
4 1 164 165
4 2 381 389
4 3 223 230
4 4 205 211
4 5 65 85
4 6 297 310
4 7 403 406
4 9 355 359
4 11 8 19
4 12 96 112
4 13 273 277
4 14 322 331
4 15 30 50
5 2 100 115
5 3 181 197
5 4 339 364
5 5 368 383
5 6 231 243
5 7 7 13
5 8 399 407
5 9 156 162
5 10 208 216
5 11 35 59
5 12 432 447
5 13 124 131
5 14 310 326
5 15 68 89
6 1 257 260
6 2 99 114
6 3 181 197
6 4 338 362
6 5 369 382
6 6 230 242
6 7 5 11
6 8 393 409
6 9 156 162
6 10 208 214
6 11 35 55
6 12 431 447
6 14 309 325
6 15 67 86
6 13 117 129
7 1 60 76
7 2 232 253
7 3 264 284
7 4 321 331
7 5 410 430
7 6 172 193
7 7 4 17
7 8 85 101
7 9 148 162
7 10 442 458
7 12 115 139
7 13 200 222
7 14 292 312
7 15 27 46
8 1 58 75
8 2 234 253
8 3 268 285
8 4 319 339
8 5 411 435
8 6 172 195
8 7 5 18
8 8 85 104
8 9 148 163
8 10 443 458
8 12 113 139
8 13 200 223
8 14 291 314
8 15 25 37
9 1 327 329
9 2 30 50
9 3 115 133
9 4 449 452
9 5 231 251
9 6 168 190
9 7 143 154
9 8 200 216
9 9 351 358
9 10 88 99
9 11 297 316
9 12 263 275
9 13 59 76
9 14 5 20
9 15 428 448
10 1 327 330
10 2 36 51
10 3 126 133
10 4 370 392
10 5 231 241
10 6 166 186
10 7 142 160
10 8 198 209
10 9 351 357
10 10 92 104
10 11 297 317
10 12 260 275
10 13 59 77
10 14 4 20
10 15 408 440
