1 1 427 429
1 2 381 390
1 3 328 336
1 4 129 132
1 5 267 273
1 6 352 358
1 7 301 308
1 8 81 89
1 9 248 252
1 10 405 409
1 11 154 166
1 12 139 142
1 13 453 473
1 14 43 65
1 15 8 31
2 2 380 386
2 3 327 332
2 4 116 121
2 5 267 272
2 6 353 358
2 7 302 306
2 8 76 87
2 9 248 251
2 10 405 408
2 11 155 162
2 12 187 191
2 13 453 460
2 14 44 65
2 15 5 32
3 1 177 180
3 2 417 427
3 3 240 254
3 4 222 233
3 5 68 92
3 6 324 343
3 7 442 445
3 8 467 472
3 9 267 269
3 10 389 393
3 11 0 24
3 12 103 124
3 14 356 376
3 15 39 55
4 1 178 184
4 2 419 428
4 3 245 254
4 4 225 231
4 5 71 96
4 6 325 343
4 7 443 446
4 8 466 468
4 10 390 394
4 11 9 19
4 12 106 124
4 13 285 308
4 14 355 379
4 15 33 56
5 1 282 284
5 2 111 127
5 3 200 218
5 4 373 399
5 5 404 422
5 6 254 269
5 7 9 14
5 8 438 447
5 9 173 179
5 10 230 236
5 11 41 65
5 12 474 490
5 13 137 144
5 14 341 359
5 15 76 97
6 1 283 287
6 2 110 126
6 3 200 217
6 4 373 398
6 5 404 421
6 6 253 267
6 7 8 12
6 8 437 450
6 9 172 179
6 10 230 235
6 11 40 60
6 12 474 490
6 14 341 357
6 15 79 95
6 13 382 394
7 1 67 84
7 2 256 279
7 3 291 313
7 5 450 475
7 6 189 214
7 7 7 18
7 8 94 111
7 9 164 177
7 10 486 502
7 12 128 153
7 13 221 236
7 14 321 344
7 15 32 52
8 1 65 84
8 2 258 280
8 3 294 313
8 4 351 371
8 5 450 478
8 6 189 216
8 7 8 20
8 8 93 116
8 9 160 179
8 10 488 502
8 11 374 402
8 12 127 153
8 13 221 245
8 14 320 346
8 15 36 52
9 1 359 362
9 2 34 56
9 3 126 147
9 5 254 278
9 6 184 210
9 7 156 170
9 8 218 239
9 9 390 393
9 10 103 109
9 11 327 346
9 12 288 303
9 13 66 84
9 4 407 424
9 14 7 24
9 15 469 493
10 1 360 363
10 2 41 57
10 3 139 147
10 4 406 430
10 5 253 267
10 6 182 206
10 7 158 176
10 8 217 230
10 9 387 392
10 10 102 111
10 11 328 347
10 12 286 308
10 13 66 85
10 14 6 24
10 15 468 492
