1 1 427 428
1 2 381 389
1 3 328 336
1 4 128 131
1 5 267 273
1 6 352 357
1 7 301 308
1 8 81 88
1 9 247 253
1 10 404 409
1 11 154 166
1 12 186 191
1 13 452 459
1 14 43 64
1 15 8 30
2 2 379 386
2 3 327 332
2 4 116 120
2 5 267 271
2 6 353 358
2 7 301 307
2 8 77 87
2 9 248 251
2 10 406 408
2 11 155 162
2 12 186 190
2 13 453 460
2 14 43 65
2 15 4 32
3 1 177 180
3 2 416 427
3 3 239 253
3 4 221 234
3 5 68 92
3 6 324 342
3 7 442 445
3 8 467 472
3 9 266 270
3 10 389 394
3 11 0 25
3 12 103 124
3 13 285 288
3 14 355 375
3 15 38 55
4 1 178 183
4 2 419 428
4 3 245 253
4 4 224 232
4 5 71 95
4 6 325 342
4 7 443 446
4 8 466 468
4 10 390 394
4 11 9 21
4 12 106 124
4 13 285 303
4 14 355 379
4 15 33 55
5 1 281 284
5 2 111 127
5 3 200 217
5 4 372 399
5 5 404 422
5 6 254 268
5 7 9 14
5 8 438 447
5 9 173 179
5 10 230 236
5 11 40 65
5 12 474 490
5 13 137 144
5 14 341 359
5 15 76 97
6 1 282 286
6 2 110 126
6 3 199 217
6 4 372 398
6 5 404 420
6 6 253 267
6 7 7 12
6 8 437 450
6 9 172 178
6 10 229 235
6 11 40 60
6 12 473 490
6 14 341 357
6 15 78 94
6 13 381 393
7 1 66 84
7 2 255 279
7 3 290 312
7 4 353 372
7 5 450 474
7 6 189 213
7 7 6 19
7 8 94 111
7 9 164 177
7 10 487 502
7 12 127 153
7 13 221 242
7 14 322 344
7 15 32 52
8 1 65 83
8 2 258 279
8 3 294 313
8 4 351 371
8 5 450 478
8 6 189 215
8 7 8 20
8 8 93 115
8 9 164 179
8 10 488 502
8 11 381 406
8 12 126 153
8 13 220 245
8 14 320 346
8 15 35 40
9 1 359 362
9 2 34 56
9 3 126 147
9 5 253 277
9 6 184 210
9 7 156 170
9 8 218 239
9 10 102 109
9 11 327 346
9 12 288 303
9 13 66 84
9 9 407 423
9 14 6 23
9 15 470 493
10 1 359 363
10 2 41 57
10 3 138 147
10 4 405 430
10 5 253 266
10 6 182 205
10 7 157 176
10 8 218 230
10 9 386 392
10 10 102 114
10 11 327 341
10 12 286 302
10 13 65 85
10 14 6 23
10 15 467 491
