1 1 442 444
1 2 394 403
1 3 340 348
1 5 276 283
1 6 364 370
1 7 312 318
1 8 122 136
1 9 257 261
1 10 419 423
1 11 161 171
1 13 469 488
1 14 45 68
1 15 9 32
2 1 441 443
2 2 392 400
2 3 339 344
2 4 121 124
2 5 276 282
2 6 365 371
2 7 313 317
2 8 79 90
2 9 257 259
2 10 418 421
2 11 161 169
2 12 194 197
2 13 469 476
2 14 46 69
2 15 6 33
3 1 183 187
3 2 431 442
3 3 248 263
3 4 236 239
3 5 71 96
3 6 335 355
3 7 457 460
3 8 483 489
3 9 277 279
3 10 403 407
3 11 0 25
3 12 108 128
3 13 296 311
3 14 367 390
3 15 41 53
4 1 185 190
4 2 433 443
4 3 254 263
4 4 233 239
4 5 74 100
4 6 334 355
4 7 459 461
4 8 482 490
4 9 278 279
4 10 404 407
4 11 10 15
4 12 110 128
4 13 296 318
4 14 367 393
4 15 38 58
5 1 291 294
5 2 115 132
5 3 207 226
5 4 386 402
5 5 417 437
5 6 263 278
5 7 10 14
5 8 453 463
5 9 180 184
5 10 239 244
5 11 43 66
5 12 491 506
5 13 143 149
5 14 354 371
5 15 80 98
6 1 293 297
6 2 115 132
6 3 208 225
6 4 386 411
6 5 418 436
6 6 262 277
6 7 9 13
6 8 452 466
6 9 179 185
6 10 238 243
6 11 42 61
6 12 490 506
6 13 143 147
6 14 353 370
6 15 82 98
7 1 69 87
7 2 265 290
7 3 301 324
7 5 465 492
7 6 196 222
7 7 8 19
7 8 98 115
7 9 171 183
7 10 505 518
7 12 133 158
7 13 229 243
7 14 333 356
7 15 34 55
8 1 68 87
8 2 267 290
8 3 304 325
8 4 364 382
8 5 466 497
8 6 195 224
8 7 9 21
8 8 97 120
8 9 166 181
8 10 505 519
8 11 395 419
8 12 133 158
8 13 229 253
8 14 331 359
8 15 38 42
9 1 372 375
9 2 36 59
9 3 131 153
9 5 262 288
9 6 190 218
9 7 162 177
9 8 226 248
9 10 106 113
9 11 339 358
9 12 298 314
9 13 421 447
9 9 69 88
9 14 7 25
9 15 485 510
10 1 372 376
10 2 43 60
10 3 144 153
10 4 420 443
10 5 261 276
10 6 188 213
10 7 164 182
10 8 225 239
10 9 400 404
10 10 103 112
10 11 340 358
10 12 296 319
10 13 68 97
10 14 7 25
10 15 485 508
