1 2 586 597
1 3 504 514
1 4 199 203
1 5 410 416
1 7 458 476
1 8 121 136
1 9 377 388
1 11 231 257
1 12 281 300
1 1 281 300
1 10 361 372
1 13 694 711
1 14 62 92
1 15 7 39
2 2 583 591
2 3 502 507
2 4 178 186
2 7 459 475
2 8 118 132
2 9 376 377
2 11 235 251
2 12 283 296
2 1 283 296
2 13 696 717
2 14 63 93
2 15 0 32
2 5 32 45
3 2 641 656
3 3 368 385
3 5 103 135
3 6 505 523
3 7 677 683
3 9 409 412
3 10 596 610
3 14 567 574
3 15 58 80
4 2 644 657
4 3 376 386
4 4 345 355
4 5 109 139
4 6 502 523
4 7 681 694
4 10 597 598
4 14 546 558
4 15 162 186
4 1 57 80
4 8 437 460
4 9 9 29
5 2 167 190
5 3 304 331
5 4 572 586
5 1 600 614
5 5 625 646
5 6 388 409
5 7 5 21
5 8 677 690
5 9 261 275
5 10 349 366
5 11 55 78
5 12 732 757
5 13 207 217
5 14 522 550
5 15 110 142
6 2 164 189
6 3 304 331
6 4 573 601
6 1 696 722
6 11 606 615
6 5 626 644
6 6 389 408
6 7 3 19
6 8 670 692
6 9 259 274
6 10 349 363
6 14 521 551
6 15 113 145
6 12 587 606
6 13 507 517
7 1 97 126
7 2 391 423
7 3 445 477
7 4 544 550
7 5 697 726
7 6 292 323
7 7 2 28
7 8 146 168
7 9 247 274
7 10 748 777
7 12 222 236
7 13 336 358
7 14 494 526
7 15 38 70
7 11 552 569
8 1 94 125
8 2 395 425
8 3 451 480
8 4 541 570
8 5 698 730
8 6 293 325
8 7 4 30
8 8 142 173
8 9 248 273
8 10 751 778
8 11 598 615
8 12 570 598
8 13 338 370
8 14 490 522
8 15 41 59
9 2 50 80
9 3 193 221
9 4 762 768
9 5 391 421
9 6 286 318
9 7 238 255
9 8 338 362
9 10 148 167
9 1 594 605
9 12 460 464
9 13 101 128
9 11 629 648
9 14 5 30
9 15 722 754
9 9 680 704
10 2 57 81
10 3 211 222
10 4 653 672
10 1 758 767
10 5 391 405
10 6 280 312
10 7 234 266
10 8 338 348
10 9 592 604
10 10 147 167
10 11 363 375
10 12 443 466
10 13 97 129
10 14 2 30
10 15 724 755
