1 1 389 391
1 2 347 355
1 3 299 307
1 5 243 249
1 6 321 326
1 7 275 281
1 8 74 81
1 9 226 230
1 10 369 373
1 11 141 151
1 12 217 220
1 13 413 421
1 14 40 59
1 15 8 28
2 2 346 352
2 3 298 303
2 4 106 110
2 5 243 248
2 6 322 327
2 7 275 280
2 8 73 79
2 9 226 229
2 10 369 372
2 11 142 148
2 12 170 174
2 13 177 187
2 14 40 60
2 15 5 29
3 1 161 165
3 2 380 390
3 3 219 231
3 4 203 212
3 5 62 84
3 6 295 313
3 7 403 406
3 8 426 430
3 9 243 246
3 10 355 359
3 11 0 23
3 12 94 113
3 14 324 343
3 15 35 50
4 1 162 167
4 2 382 391
4 3 224 231
4 4 204 211
4 5 65 87
4 6 296 312
4 7 404 407
4 8 425 427
4 10 356 359
4 11 9 20
4 12 97 113
4 13 274 281
4 14 324 346
4 15 30 51
5 1 257 259
5 2 101 116
5 3 182 199
5 4 340 364
5 5 368 385
5 6 232 245
5 7 8 13
5 8 399 408
5 9 158 163
5 10 210 215
5 11 37 59
5 12 433 447
5 13 125 131
5 14 312 327
5 15 69 88
6 1 258 261
6 2 100 116
6 3 183 198
6 4 340 363
6 5 369 384
6 6 231 244
6 7 7 11
6 8 399 411
6 9 157 163
6 10 210 214
6 11 37 55
6 12 432 447
6 14 311 326
6 15 72 86
6 13 348 359
7 1 61 77
7 2 233 255
7 3 265 285
7 4 322 333
7 5 410 433
7 6 173 195
7 7 6 17
7 8 86 101
7 9 150 162
7 10 445 458
7 12 117 140
7 13 201 215
7 14 293 314
7 15 29 48
8 1 59 76
8 2 235 255
8 3 268 286
8 4 320 339
8 5 411 436
8 6 172 197
8 7 8 18
8 8 82 106
8 9 150 163
8 10 445 458
8 11 341 367
8 12 116 140
8 13 201 223
8 14 292 316
8 15 29 47
9 1 328 330
9 2 31 51
9 3 115 134
9 5 231 253
9 6 168 192
9 7 144 155
9 8 199 218
9 10 94 99
9 11 299 315
9 12 263 276
9 13 61 77
9 9 372 386
9 14 6 22
9 15 428 450
10 1 328 331
10 2 37 53
10 3 127 135
10 4 370 392
10 5 231 243
10 6 166 188
10 7 144 160
10 8 198 210
10 9 353 357
10 10 93 99
10 11 299 317
10 12 261 278
10 13 60 77
10 14 5 22
10 15 426 448
