1 1 221 222
1 2 197 202
1 3 170 174
1 5 138 142
1 7 157 159
1 8 43 47
1 9 129 131
1 10 210 212
1 11 72 86
1 13 234 239
1 14 23 35
1 15 5 17
2 5 138 141
2 6 183 186
2 7 157 159
2 8 42 46
2 9 129 130
2 10 210 211
2 11 81 84
2 13 234 239
2 14 23 35
2 15 196 213
2 1 3 17
3 1 92 94
3 2 216 221
3 3 124 132
3 4 118 121
3 5 36 48
3 6 168 178
3 7 229 231
3 8 242 244
3 9 138 140
3 10 202 204
3 11 0 13
3 12 54 65
3 14 184 195
3 15 20 29
4 1 93 96
4 2 207 222
4 3 127 132
4 4 117 120
4 5 38 50
4 6 168 177
4 7 229 231
4 8 242 243
4 10 202 204
4 11 5 11
4 12 55 62
4 13 148 157
4 14 184 197
4 15 18 29
5 1 146 148
5 2 58 66
5 3 104 113
5 4 193 202
5 5 209 219
5 6 132 139
5 7 5 8
5 8 227 232
5 9 90 93
5 10 120 123
5 11 22 32
5 12 246 254
5 13 71 74
5 14 177 186
5 15 28 50
6 1 147 149
6 2 57 66
6 3 104 113
6 4 193 206
6 5 209 218
6 6 131 139
6 7 5 7
6 8 227 233
6 9 90 93
6 10 119 122
6 11 21 31
6 12 245 254
6 14 177 185
6 15 41 50
7 1 35 44
7 2 133 145
7 3 151 162
7 5 233 246
7 6 98 111
7 7 4 10
7 8 49 58
7 9 85 92
7 10 252 259
7 12 190 212
7 11 67 79
7 13 114 125
7 14 166 178
7 15 17 28
8 1 34 44
8 2 134 146
8 3 153 163
8 4 182 192
8 5 233 248
8 6 98 112
8 7 5 11
8 8 48 60
8 9 85 91
8 10 253 260
8 11 194 210
8 12 67 79
8 13 115 127
8 14 166 180
8 15 19 27
9 1 186 188
9 2 18 30
9 3 66 77
9 5 132 144
9 6 96 109
9 7 82 84
9 8 113 124
9 9 202 203
9 10 53 57
9 11 170 179
9 13 35 64
9 4 211 220
9 14 4 13
9 15 244 256
10 1 186 188
10 2 22 31
10 3 72 77
10 4 206 222
10 5 131 138
10 6 95 107
10 7 82 91
10 8 113 120
10 9 200 203
10 11 171 180
10 12 145 171
10 13 34 57
10 14 3 13
10 15 239 255
