1 1 413 416
1 2 369 377
1 3 318 326
1 5 258 265
1 6 341 346
1 7 292 298
1 8 79 86
1 9 240 245
1 10 392 396
1 11 150 161
1 12 135 138
1 13 439 458
1 14 42 63
1 15 8 30
2 2 368 374
2 3 317 322
2 4 113 117
2 5 258 263
2 6 342 347
2 7 292 297
2 8 78 84
2 9 240 243
2 10 392 395
2 11 150 159
2 12 181 185
2 13 439 446
2 14 42 63
2 15 4 31
3 1 171 175
3 2 404 414
3 3 232 246
3 4 213 225
3 5 66 89
3 6 314 332
3 7 428 431
3 8 452 457
3 9 258 262
3 10 377 381
3 11 0 24
3 12 100 120
3 13 276 279
3 14 344 364
3 15 37 54
4 1 172 178
4 2 406 415
4 3 237 246
4 4 218 225
4 5 69 93
4 6 314 332
4 7 429 432
4 8 452 454
4 10 378 381
4 11 9 14
4 12 103 120
4 13 276 298
4 14 344 367
4 15 32 54
5 1 273 275
5 2 108 123
5 3 194 211
5 4 361 386
5 5 391 409
5 6 246 260
5 7 9 13
5 8 424 433
5 9 168 173
5 10 223 229
5 11 39 63
5 12 460 475
5 13 133 140
5 14 331 348
5 15 74 94
6 1 274 278
6 2 107 123
6 3 194 211
6 4 361 386
6 5 392 408
6 6 245 259
6 7 8 12
6 8 424 436
6 9 167 174
6 10 223 228
6 11 39 58
6 12 460 475
6 14 330 346
6 15 76 92
6 13 370 381
7 1 64 82
7 2 248 271
7 3 282 303
7 4 348 354
7 5 436 460
7 6 183 207
7 7 6 18
7 8 91 108
7 9 159 172
7 10 471 486
7 12 124 148
7 13 214 228
7 14 311 333
7 15 31 51
8 1 63 81
8 2 250 271
8 3 285 303
8 4 340 360
8 5 436 464
8 6 183 209
8 7 8 19
8 8 88 112
8 9 155 173
8 10 473 486
8 11 362 390
8 12 123 148
8 13 214 237
8 14 310 335
8 15 31 51
9 1 348 351
9 2 33 54
9 3 122 143
9 5 246 269
9 6 179 204
9 7 151 165
9 8 212 232
9 10 95 106
9 11 317 335
9 12 279 293
9 13 64 82
9 9 395 410
9 14 6 23
9 15 454 478
10 1 348 352
10 2 40 56
10 3 134 143
10 4 393 417
10 5 245 258
10 6 176 199
10 7 153 170
10 8 211 223
10 9 375 379
10 10 99 105
10 11 318 336
10 12 278 298
10 13 63 82
10 14 6 23
10 15 453 476
