1 2 346 353
1 3 297 305
1 5 242 247
1 6 321 324
1 7 272 281
1 8 73 80
1 9 224 230
1 10 366 373
1 11 125 153
1 12 168 175
1 13 411 431
1 14 38 57
1 15 6 27
2 2 345 350
2 3 297 301
2 4 106 110
2 5 243 246
2 7 272 280
2 8 72 78
2 9 228 229
2 11 140 147
2 12 169 175
2 13 411 419
2 14 39 57
2 15 2 28
3 2 378 388
3 3 218 229
3 4 197 211
3 5 62 82
3 6 296 311
3 7 401 405
3 8 426 428
3 9 241 245
3 10 353 358
3 11 0 22
3 12 93 112
3 14 334 341
3 15 34 49
4 1 163 164
4 2 381 389
4 3 223 229
4 4 204 212
4 5 65 85
4 6 296 310
4 7 402 406
4 9 355 359
4 11 8 14
4 12 96 111
4 13 259 275
4 14 322 343
4 15 16 48
5 2 100 114
5 3 181 197
5 4 338 364
5 5 368 383
5 6 231 243
5 7 6 13
5 8 398 407
5 9 156 163
5 10 208 215
5 11 35 50
5 12 432 446
5 1 51 60
5 13 124 130
5 14 309 325
5 15 50 82
6 1 257 260
6 2 99 113
6 3 181 196
6 4 338 362
6 13 413 427
6 5 368 382
6 6 229 242
6 7 5 11
6 8 396 409
6 9 155 162
6 10 208 214
6 11 35 54
6 12 431 448
6 14 309 324
6 15 66 86
7 1 59 76
7 2 232 253
7 3 264 284
7 4 320 324
7 5 410 430
7 6 172 193
7 7 4 17
7 8 85 101
7 9 147 162
7 10 442 458
7 12 115 139
7 11 369 373
7 13 199 223
7 14 292 312
7 15 27 48
8 1 58 75
8 2 234 253
8 3 267 284
8 4 319 338
8 5 411 435
8 6 172 194
8 7 5 18
8 8 85 104
8 9 148 162
8 10 443 458
8 11 354 368
8 12 113 139
8 13 200 223
8 14 291 314
8 15 27 36
9 1 327 329
9 2 30 49
9 3 114 132
9 4 449 452
9 5 231 251
9 6 168 190
9 7 142 153
9 8 200 216
9 9 353 358
9 10 91 99
9 12 297 316
9 11 263 275
9 13 59 76
9 14 5 19
9 15 427 449
10 1 327 330
10 2 36 56
10 3 125 133
10 4 370 396
10 5 231 241
10 6 165 186
10 7 141 160
10 8 198 208
10 9 350 357
10 10 89 105
10 11 297 317
10 12 260 285
10 13 58 77
10 14 4 19
10 15 408 440
