1 2 368 377
1 3 317 325
1 5 258 264
1 6 341 346
1 7 291 298
1 8 78 85
1 9 239 245
1 10 391 396
1 11 149 161
1 12 180 185
1 13 438 445
1 14 42 62
1 15 7 29
2 2 367 373
2 3 317 321
2 4 112 117
2 5 259 262
2 6 342 346
2 7 291 297
2 8 77 84
2 9 241 243
2 10 393 395
2 11 149 158
2 12 180 185
2 13 438 446
2 14 42 62
2 15 3 31
3 1 171 174
3 2 403 413
3 3 232 245
3 4 209 225
3 5 65 88
3 6 315 331
3 7 427 431
3 8 452 457
3 9 257 261
3 10 376 381
3 11 0 24
3 12 100 120
3 13 275 278
3 14 355 363
3 15 37 53
4 1 172 176
4 2 405 414
4 3 237 245
4 4 217 225
4 5 69 92
4 6 315 330
4 7 428 432
4 10 377 381
4 11 8 18
4 12 102 120
4 13 276 280
4 14 343 366
4 15 32 53
5 1 273 274
5 2 107 122
5 3 193 210
5 4 361 387
5 5 391 408
5 6 246 259
5 7 8 14
5 8 424 433
5 9 167 173
5 10 222 229
5 11 39 63
5 12 459 475
5 13 132 139
5 14 330 347
5 15 73 94
6 1 273 277
6 2 106 122
6 3 193 210
6 4 360 385
6 5 392 407
6 6 245 258
6 7 7 12
6 8 423 436
6 9 166 172
6 10 222 228
6 11 38 58
6 12 459 476
6 14 329 346
6 15 71 92
6 13 368 381
7 1 64 81
7 2 247 270
7 3 281 302
7 4 342 360
7 5 436 458
7 6 183 206
7 7 6 18
7 8 91 107
7 9 158 172
7 10 470 486
7 12 123 148
7 13 213 234
7 14 311 333
7 15 30 51
8 1 62 81
8 2 250 270
8 3 285 303
8 4 340 360
8 5 436 463
8 6 183 208
8 7 7 20
8 8 90 111
8 9 155 173
8 10 472 487
8 11 370 391
8 12 121 148
8 13 214 237
8 14 310 335
8 15 31 50
9 1 348 350
9 2 33 54
9 3 122 142
9 5 245 268
9 6 179 203
9 7 153 165
9 8 212 231
9 9 377 380
9 10 99 105
9 11 316 336
9 12 279 293
9 13 64 82
9 4 395 409
9 14 6 22
9 15 453 477
10 1 348 351
10 2 39 55
10 3 134 142
10 4 393 418
10 5 245 257
10 6 176 199
10 7 152 170
10 8 211 222
10 9 374 379
10 10 95 110
10 11 317 336
10 12 277 292
10 13 63 82
10 14 5 22
10 15 271 298
