1 2 392 400
1 3 337 345
1 5 275 280
1 6 364 367
1 7 308 318
1 8 82 90
1 9 254 260
1 10 422 423
1 11 190 197
1 12 244 249
1 13 465 474
1 14 43 64
1 15 7 30
2 2 391 397
2 3 336 341
2 4 120 124
2 6 365 368
2 7 309 317
2 8 81 89
2 11 159 167
2 12 191 198
2 13 466 475
2 14 44 65
2 15 3 32
3 2 429 439
3 3 247 260
3 4 223 240
3 5 69 93
3 6 336 352
3 7 454 458
3 8 483 485
3 9 273 277
3 10 400 407
3 11 0 25
3 12 105 127
3 14 378 386
3 15 39 55
4 2 431 440
4 3 252 260
4 4 230 239
4 5 73 96
4 6 337 351
4 7 455 460
4 10 402 407
4 11 9 21
4 12 109 126
4 13 309 314
4 14 365 389
4 15 32 56
4 8 293 305
5 2 113 129
5 3 205 223
5 4 383 412
5 5 417 434
5 6 261 275
5 7 7 15
5 8 452 460
5 9 177 184
5 10 236 244
5 11 39 57
5 12 489 506
5 1 57 67
5 13 140 147
5 14 351 369
5 15 76 100
6 1 291 294
6 2 112 128
6 3 205 223
6 4 383 410
6 13 467 483
6 5 417 432
6 6 261 274
6 7 5 13
6 8 449 463
6 9 176 183
6 10 235 242
6 11 39 61
6 12 486 506
6 14 350 367
6 15 75 97
7 1 67 86
7 2 262 286
7 3 299 321
7 4 364 367
7 5 465 487
7 6 195 218
7 7 4 19
7 8 96 114
7 9 167 183
7 10 501 518
7 12 130 158
7 11 414 423
7 13 226 250
7 14 331 353
7 15 30 52
8 1 65 85
8 2 265 287
8 3 303 322
8 4 362 383
8 5 465 492
8 6 195 220
8 7 5 21
8 8 96 118
8 9 167 185
8 10 502 519
8 12 128 158
8 13 227 253
8 14 329 355
8 15 31 41
9 1 370 372
9 2 34 56
9 3 130 149
9 4 509 512
9 5 261 284
9 6 190 215
9 7 161 173
9 8 226 244
9 10 103 112
9 12 336 358
9 11 298 311
9 13 67 86
9 9 420 435
9 14 5 22
9 15 484 508
10 1 370 373
10 2 41 57
10 3 141 150
10 4 420 449
10 5 261 273
10 6 188 210
10 7 160 181
10 8 224 236
10 9 397 404
10 10 100 119
10 12 294 317
10 11 336 359
10 13 66 87
10 14 4 22
10 15 482 506
