1 1 378 380
1 2 338 345
1 3 290 298
1 4 114 117
1 5 236 242
1 6 312 317
1 7 267 273
1 8 72 79
1 9 220 224
1 10 358 362
1 11 137 147
1 12 123 126
1 13 401 419
1 14 39 58
1 15 7 27
2 2 336 342
2 3 290 294
2 4 103 107
2 5 236 241
2 6 313 317
2 7 267 272
2 8 71 77
2 9 220 222
2 10 359 361
2 11 138 144
2 12 165 169
2 13 172 182
2 14 39 58
2 15 4 29
3 1 157 160
3 2 369 379
3 3 212 225
3 4 196 206
3 5 60 82
3 6 287 304
3 7 392 394
3 8 413 418
3 9 236 239
3 10 345 349
3 11 0 22
3 12 92 110
3 14 315 333
3 15 34 49
4 1 158 163
4 2 371 379
4 3 217 225
4 4 199 205
4 5 63 85
4 6 288 303
4 7 393 395
4 8 413 415
4 10 345 349
4 11 8 17
4 12 94 110
4 13 253 273
4 14 315 336
4 15 30 50
5 1 250 252
5 2 98 113
5 3 177 193
5 4 330 354
5 5 358 374
5 6 225 238
5 7 8 13
5 8 388 396
5 9 154 159
5 10 204 209
5 11 36 57
5 12 420 435
5 13 122 127
5 14 302 318
5 15 68 86
6 1 251 254
6 2 98 112
6 3 177 193
6 4 330 353
6 5 358 373
6 6 224 237
6 7 7 11
6 8 387 399
6 9 153 159
6 10 204 208
6 11 36 53
6 12 420 434
6 14 302 317
6 15 70 84
6 13 338 349
7 1 59 75
7 2 227 247
7 3 257 277
7 4 318 329
7 5 399 421
7 6 168 190
7 7 6 16
7 8 84 99
7 9 145 157
7 10 432 444
7 12 113 136
7 13 196 214
7 14 285 305
7 15 28 47
8 1 58 74
8 2 229 248
8 3 261 278
8 4 311 329
8 5 399 423
8 6 168 191
8 7 8 18
8 8 80 103
8 9 142 158
8 10 432 445
8 11 331 356
8 12 113 136
8 13 196 217
8 14 283 307
8 15 32 47
9 1 318 321
9 2 31 50
9 3 112 130
9 5 225 246
9 6 163 186
9 7 140 151
9 8 194 212
9 10 86 97
9 11 290 307
9 12 255 268
9 13 59 75
9 9 361 375
9 14 6 21
9 15 415 437
10 1 319 322
10 2 36 51
10 3 123 131
10 4 359 381
10 5 224 236
10 6 161 182
10 7 140 156
10 8 193 204
10 9 343 347
10 10 91 96
10 11 291 308
10 12 254 279
10 13 58 75
10 14 5 21
10 15 415 436
