1 2 357 365
1 3 308 315
1 4 121 124
1 5 250 256
1 6 331 335
1 7 282 289
1 8 76 83
1 9 232 237
1 10 379 384
1 11 144 156
1 12 174 181
1 13 424 431
1 14 40 60
1 15 7 28
2 2 356 362
2 3 307 311
2 4 109 113
2 5 251 254
2 6 332 336
2 7 282 289
2 8 72 81
2 9 232 236
2 10 381 382
2 11 145 152
2 12 175 179
2 13 425 432
2 14 41 60
2 15 4 29
3 1 166 169
3 2 391 401
3 3 225 238
3 4 203 219
3 5 63 86
3 6 304 321
3 7 414 418
3 8 439 443
3 9 250 253
3 10 365 370
3 11 0 23
3 12 97 117
3 14 334 352
3 15 36 51
4 1 167 171
4 2 393 402
4 3 230 238
4 4 210 218
4 5 67 89
4 6 304 320
4 7 415 419
4 10 366 370
4 11 8 20
4 12 99 116
4 13 267 285
4 14 333 355
4 15 31 52
5 1 264 266
5 2 104 119
5 3 187 204
5 4 350 375
5 5 380 396
5 6 238 252
5 7 8 13
5 8 411 420
5 9 162 168
5 10 215 222
5 11 38 61
5 12 445 460
5 13 128 135
5 14 320 337
5 15 71 91
6 1 265 269
6 2 103 118
6 3 187 203
6 4 349 373
6 5 380 395
6 6 238 250
6 7 7 12
6 8 410 422
6 9 161 167
6 10 215 221
6 11 37 56
6 12 443 461
6 14 320 335
6 15 73 90
6 13 121 134
7 1 62 79
7 2 240 262
7 3 273 293
7 4 332 345
7 5 423 444
7 6 178 200
7 7 5 18
7 8 88 104
7 9 153 167
7 10 456 471
7 12 120 144
7 13 207 228
7 14 302 322
7 15 29 49
7 11 336 349
8 1 61 78
8 2 242 262
8 3 276 294
8 4 329 349
8 5 423 449
8 6 178 202
8 7 7 19
8 8 85 108
8 9 150 168
8 10 458 472
8 11 359 381
8 12 117 144
8 13 207 230
8 14 300 324
8 15 33 38
9 1 337 340
9 2 32 52
9 3 118 137
9 5 238 260
9 6 173 197
9 7 148 159
9 8 206 224
9 9 363 369
9 10 96 102
9 11 307 326
9 12 271 284
9 13 62 79
9 4 383 397
9 14 6 21
9 15 440 463
10 1 337 340
10 2 38 53
10 3 130 138
10 4 380 404
10 5 238 250
10 6 171 193
10 7 147 165
10 8 204 216
10 9 362 368
10 10 92 102
10 11 307 326
10 12 269 283
10 13 61 80
10 14 5 21
10 15 439 461
