1 1 401 403
1 2 358 366
1 3 308 316
1 4 121 124
1 5 250 256
1 6 331 336
1 7 283 289
1 8 76 83
1 9 232 237
1 10 380 384
1 11 145 156
1 12 175 181
1 13 425 431
1 14 41 61
1 15 7 29
2 2 356 362
2 3 307 311
2 4 109 113
2 5 251 255
2 6 332 336
2 7 283 288
2 8 72 82
2 9 233 236
2 10 380 383
2 11 146 152
2 12 175 179
2 13 425 432
2 14 41 61
2 15 4 30
3 1 166 169
3 2 391 401
3 3 225 238
3 4 208 219
3 5 64 86
3 6 305 322
3 7 415 418
3 8 439 443
3 9 250 253
3 10 365 370
3 11 0 23
3 12 97 117
3 14 334 353
3 15 36 52
4 1 167 172
4 2 393 402
4 3 230 238
4 4 211 218
4 5 67 89
4 6 304 321
4 7 416 419
4 10 366 370
4 11 9 19
4 12 99 116
4 13 268 271
4 14 333 356
4 15 31 52
5 1 264 266
5 2 104 119
5 3 188 204
5 4 350 375
5 5 380 396
5 6 238 252
5 7 8 13
5 8 411 420
5 9 162 168
5 10 216 222
5 11 38 61
5 12 446 460
5 13 129 135
5 14 321 337
5 15 71 91
6 1 265 269
6 2 103 118
6 3 187 204
6 4 350 374
6 5 380 395
6 6 238 251
6 7 7 12
6 8 410 423
6 9 162 168
6 10 216 221
6 11 37 56
6 12 445 461
6 14 320 335
6 15 73 89
7 1 62 79
7 2 240 262
7 3 273 293
7 4 332 349
7 5 423 446
7 6 178 200
7 7 6 18
7 8 88 104
7 9 154 166
7 10 456 471
7 12 120 144
7 13 207 227
7 14 302 323
7 15 30 49
8 1 61 78
8 2 242 263
8 3 276 294
8 4 330 351
8 5 423 448
8 6 177 202
8 7 7 19
8 8 85 109
8 9 150 168
8 10 458 472
8 11 358 381
8 12 351 378
8 15 118 144
8 13 207 230
8 14 301 325
9 1 337 340
9 2 32 52
9 3 119 138
9 5 238 260
9 6 173 197
9 7 146 160
9 8 205 224
9 9 366 369
9 10 91 102
9 11 307 325
9 12 270 285
9 13 62 79
9 4 383 397
9 14 6 22
9 15 440 463
10 1 338 341
10 2 38 54
10 3 130 138
10 4 381 404
10 5 238 250
10 6 171 193
10 7 148 165
10 8 205 216
10 9 363 368
10 10 96 104
10 11 308 326
10 12 269 283
10 13 61 80
10 14 5 22
10 15 263 289
