1 1 509 512
1 2 455 465
1 3 391 401
1 4 154 157
1 5 318 326
1 6 420 427
1 7 360 366
1 8 97 106
1 9 296 301
1 10 483 488
1 11 184 197
1 12 223 228
1 13 540 564
1 14 52 78
1 15 10 37
2 1 509 510
2 2 453 461
2 3 390 396
2 4 139 144
2 5 318 324
2 6 421 427
2 7 360 365
2 8 91 104
2 9 296 299
2 10 483 486
2 11 185 193
2 12 223 227
2 13 540 549
2 14 52 78
2 15 6 38
3 1 211 215
3 2 497 510
3 3 286 303
3 4 269 277
3 5 81 110
3 6 386 409
3 7 527 531
3 8 556 563
3 9 318 322
3 10 465 469
3 11 0 29
3 12 123 148
3 13 341 359
3 14 423 449
3 15 46 66
4 1 213 219
4 2 499 511
4 3 292 303
4 4 268 276
4 5 85 114
4 6 386 409
4 7 529 532
4 8 556 559
4 9 320 322
4 10 465 469
4 11 11 17
4 12 127 148
4 13 341 367
4 14 424 453
4 15 40 67
5 1 336 339
5 2 132 152
5 3 238 260
5 4 445 476
5 5 481 504
5 6 303 321
5 7 11 16
5 8 522 534
5 9 207 212
5 10 275 281
5 11 49 70
5 12 566 584
5 13 164 172
5 14 408 428
5 15 91 113
6 1 337 342
6 2 132 151
6 3 239 260
6 4 445 474
6 5 482 503
6 6 302 319
6 7 10 14
6 8 521 537
6 9 206 214
6 10 274 280
6 11 48 72
6 12 565 584
6 13 164 167
6 14 407 426
6 15 94 113
7 1 79 101
7 2 305 333
7 3 347 373
7 5 537 567
7 6 225 256
7 7 8 22
7 8 112 133
7 9 196 211
7 10 580 598
7 12 153 182
7 13 263 281
7 14 383 410
7 15 38 61
8 1 78 100
8 2 308 334
8 3 351 374
8 4 419 441
8 5 537 569
8 6 225 257
8 7 10 24
8 8 111 138
8 9 192 213
8 10 583 598
8 11 455 483
8 12 152 182
8 13 264 292
8 14 382 413
8 15 60 63
9 1 429 432
9 2 41 67
9 4 343 361
9 3 151 176
9 5 302 331
9 6 220 250
9 7 186 203
9 8 260 285
9 9 465 468
9 10 123 130
9 11 391 412
9 13 486 514
9 12 79 100
9 14 8 28
9 15 559 588
10 1 429 433
10 2 49 69
10 3 166 176
10 4 484 511
10 5 302 318
10 10 473 482
10 6 217 245
10 7 188 209
10 8 259 275
10 9 461 467
10 11 391 413
10 12 342 365
10 13 78 101
10 14 7 28
10 15 558 586
