1 1 378 380
1 2 337 345
1 3 291 298
1 4 114 117
1 5 236 242
1 6 312 316
1 7 267 273
1 8 72 78
1 9 219 224
1 10 358 362
1 11 137 147
1 12 123 126
1 13 401 419
1 14 39 57
1 15 7 27
2 2 336 342
2 3 290 294
2 4 103 107
2 5 236 240
2 6 313 317
2 7 267 272
2 8 71 77
2 9 220 223
2 10 359 361
2 11 137 145
2 12 165 169
2 13 172 181
2 14 39 58
2 15 4 28
3 1 157 160
3 2 369 378
3 3 212 224
3 4 191 207
3 5 60 81
3 6 287 303
3 7 391 394
3 8 414 418
3 9 236 239
3 10 345 349
3 11 0 22
3 12 91 110
3 14 315 332
3 15 34 49
4 1 157 162
4 2 371 379
4 3 217 224
4 4 199 206
4 5 63 84
4 6 288 303
4 7 392 395
4 10 345 349
4 11 8 18
4 12 94 110
4 13 252 269
4 14 314 336
4 15 29 49
5 1 249 251
5 2 98 112
5 3 177 193
5 4 330 354
5 5 358 374
5 6 225 238
5 7 8 13
5 8 388 396
5 9 153 158
5 10 204 209
5 11 36 58
5 12 420 435
5 13 121 128
5 14 302 318
5 15 67 86
6 1 250 254
6 2 97 112
6 3 177 192
6 4 330 353
6 5 358 373
6 6 224 236
6 7 7 11
6 8 387 399
6 9 152 158
6 10 203 208
6 11 35 53
6 12 420 434
6 14 302 316
6 15 69 84
6 13 338 348
7 1 59 75
7 2 226 247
7 3 257 277
7 4 313 329
7 5 399 420
7 6 168 189
7 7 6 16
7 8 83 98
7 9 145 157
7 10 430 444
7 12 113 136
7 13 195 209
7 14 285 304
7 15 28 46
8 1 57 74
8 2 229 248
8 3 261 277
8 4 311 330
8 5 399 424
8 6 167 191
8 7 7 18
8 8 80 102
8 9 142 158
8 10 432 445
8 11 338 359
8 12 111 136
8 13 195 217
8 14 283 306
8 15 28 46
9 1 318 321
9 2 30 50
9 3 112 130
9 5 225 245
9 6 163 186
9 7 140 151
9 8 193 211
9 9 343 348
9 10 91 96
9 11 290 307
9 12 255 268
9 13 59 75
9 4 361 375
9 14 6 21
9 15 415 436
10 1 318 322
10 2 36 51
10 3 123 130
10 4 359 381
10 5 224 236
10 6 161 182
10 7 139 156
10 8 193 204
10 9 342 347
10 10 91 96
10 11 290 302
10 12 254 267
10 13 58 75
10 14 5 21
10 15 414 435
