1 2 368 376
1 3 317 324
1 5 258 263
1 6 341 345
1 7 290 298
1 8 78 85
1 9 239 244
1 10 394 396
1 11 133 160
1 12 179 185
1 13 437 445
1 14 42 61
1 15 7 29
2 2 367 373
2 3 316 321
2 4 112 117
2 5 258 262
2 6 342 346
2 7 291 298
2 8 77 83
2 9 241 243
2 11 149 156
2 12 180 185
2 13 188 198
2 14 42 62
2 15 3 30
3 1 171 174
3 2 403 413
3 3 232 244
3 4 211 225
3 5 65 88
3 6 318 331
3 7 427 431
3 8 453 456
3 9 257 261
3 10 376 381
3 11 0 24
3 12 99 120
3 14 355 363
3 15 37 53
4 1 172 176
4 2 405 414
4 3 237 244
4 4 216 225
4 5 69 91
4 6 315 330
4 7 428 432
4 9 379 381
4 10 377 379
4 11 9 20
4 12 102 119
4 13 275 293
4 14 343 365
4 15 32 53
5 2 107 122
5 3 193 210
5 4 360 387
5 5 391 408
5 6 245 259
5 7 8 14
5 8 424 433
5 9 167 173
5 10 222 229
5 11 38 61
5 12 459 475
5 1 53 63
5 13 132 139
5 14 330 346
5 15 73 94
6 1 273 277
6 2 106 121
6 3 193 209
6 4 360 385
6 5 391 406
6 6 244 258
6 7 6 12
6 8 417 435
6 9 166 173
6 10 221 227
6 11 38 59
6 12 458 474
6 14 329 345
6 15 71 92
7 1 63 81
7 2 247 269
7 3 281 302
7 4 341 359
7 5 436 458
7 6 183 206
7 7 5 18
7 8 91 107
7 9 157 172
7 10 471 486
7 12 123 148
7 13 213 234
7 14 311 332
7 15 30 50
8 1 62 80
8 2 249 270
8 3 284 302
8 4 339 359
8 5 436 462
8 6 183 207
8 7 6 20
8 8 90 111
8 9 158 173
8 10 471 487
8 11 377 391
8 12 120 148
8 13 213 237
8 14 309 334
8 15 32 50
9 1 347 350
9 2 32 53
9 3 122 141
9 5 245 267
9 6 178 203
9 7 150 163
9 8 213 230
9 9 373 380
9 10 99 105
9 11 316 336
9 12 279 292
9 13 63 81
9 4 395 409
9 14 5 22
9 15 454 477
10 1 347 351
10 2 39 54
10 3 133 142
10 4 393 417
10 5 245 257
10 6 176 198
10 7 151 170
10 8 210 222
10 9 373 379
10 10 98 111
10 11 316 336
10 12 277 292
10 13 63 82
10 14 5 22
10 15 292 314
