1 2 357 365
1 3 307 314
1 5 250 255
1 6 331 334
1 7 281 289
1 8 75 83
1 9 231 237
1 10 378 384
1 11 129 156
1 12 173 180
1 13 424 431
1 14 40 59
1 15 7 28
2 2 355 361
2 3 306 311
2 4 109 113
2 5 251 254
2 6 332 335
2 7 281 289
2 8 74 81
2 9 235 236
2 10 381 383
2 11 145 152
2 12 174 179
2 13 424 432
2 14 40 59
2 15 3 29
3 1 167 168
3 2 390 400
3 3 225 237
3 4 203 217
3 5 64 85
3 6 307 320
3 7 414 417
3 8 439 442
3 9 249 252
3 10 364 370
3 11 0 23
3 12 96 116
3 14 344 351
3 15 35 51
4 2 392 401
4 3 230 237
4 4 210 218
4 5 67 88
4 6 305 319
4 7 415 418
4 10 366 370
4 11 8 19
4 12 98 116
4 13 267 270
4 14 332 354
4 15 31 51
5 2 103 118
5 3 187 203
5 4 349 375
5 5 379 395
5 6 238 251
5 7 7 13
5 8 411 419
5 9 161 167
5 10 215 222
5 11 36 51
5 12 445 460
5 1 51 61
5 13 128 134
5 14 319 336
5 15 70 91
6 1 265 268
6 2 102 117
6 3 187 203
6 4 349 373
6 13 425 440
6 5 380 394
6 6 237 249
6 7 6 12
6 8 405 422
6 9 160 167
6 10 214 221
6 11 36 56
6 12 444 461
6 14 319 334
6 15 69 89
7 1 61 78
7 2 239 261
7 3 272 293
7 4 331 345
7 5 423 443
7 6 177 199
7 7 4 18
7 8 88 104
7 9 152 166
7 10 455 471
7 12 119 144
7 11 379 385
7 13 206 227
7 14 301 322
7 15 28 48
8 1 60 78
8 2 241 261
8 3 276 293
8 4 329 349
8 5 423 448
8 6 178 201
8 7 5 19
8 8 87 107
8 9 153 167
8 10 457 472
8 12 117 144
8 13 207 230
8 14 300 324
8 15 28 47
9 1 336 339
9 2 31 51
9 3 118 137
9 5 238 259
9 6 173 196
9 7 147 159
9 8 206 223
9 9 364 369
9 10 95 102
9 12 306 326
9 11 271 283
9 13 61 78
9 4 382 396
9 14 5 20
9 15 441 463
10 1 337 340
10 2 37 52
10 3 130 137
10 4 381 408
10 5 238 249
10 6 171 192
10 7 146 165
10 8 204 215
10 9 361 368
10 10 95 108
10 11 306 326
10 12 269 294
10 13 60 80
10 14 4 20
10 15 283 304
