1 1 378 380
1 2 338 346
1 3 291 298
1 4 114 117
1 5 237 243
1 6 312 317
1 7 268 272
1 8 72 79
1 9 220 224
1 10 359 362
1 11 137 147
1 12 123 126
1 13 402 419
1 14 39 58
1 15 8 28
2 1 378 379
2 2 336 343
2 3 290 294
2 4 103 107
2 5 236 241
2 6 313 318
2 7 268 271
2 8 71 77
2 9 220 222
2 10 359 361
2 11 138 145
2 12 166 169
2 13 402 408
2 14 39 59
2 15 5 29
3 1 157 160
3 2 370 379
3 3 212 225
3 4 199 206
3 5 60 82
3 6 287 304
3 7 392 394
3 8 414 418
3 9 237 239
3 10 345 349
3 11 0 22
3 12 92 110
3 14 314 333
3 15 34 49
4 1 158 163
4 2 371 380
4 3 217 225
4 4 199 205
4 5 63 85
4 6 287 304
4 7 393 395
4 8 413 415
4 9 238 239
4 10 346 349
4 11 8 13
4 12 94 110
4 13 253 273
4 14 315 337
4 15 30 50
5 1 250 252
5 2 99 113
5 3 177 193
5 4 331 345
5 5 358 374
5 6 225 238
5 7 9 12
5 8 388 397
5 9 154 157
5 10 205 209
5 11 37 57
5 12 420 435
5 13 122 128
5 14 303 318
5 15 68 84
6 1 251 254
6 2 98 113
6 3 178 193
6 4 330 352
6 5 358 374
6 6 224 237
6 7 8 11
6 8 388 399
6 9 153 159
6 10 204 208
6 11 36 53
6 12 420 435
6 14 302 317
6 15 70 84
7 1 59 75
7 2 227 248
7 3 258 278
7 4 320 323
7 5 399 421
7 6 168 190
7 7 6 16
7 8 84 99
7 9 146 157
7 10 432 444
7 12 114 135
7 13 196 208
7 14 285 305
7 15 29 47
8 1 58 74
8 2 229 248
8 3 261 278
8 4 312 329
8 5 399 424
8 6 167 192
8 7 8 18
8 8 80 103
8 9 142 158
8 10 433 445
8 11 331 356
8 12 113 136
8 13 196 217
8 14 284 307
8 15 32 47
9 1 319 321
9 2 31 50
9 9 255 269
9 3 112 131
9 5 225 246
9 6 163 187
9 7 139 151
9 8 193 212
9 10 91 97
9 11 290 307
9 13 361 383
9 4 59 75
9 14 6 21
9 15 415 437
10 1 319 322
10 2 36 52
10 3 123 131
10 4 360 381
10 5 224 237
10 6 161 183
10 7 140 156
10 8 193 205
10 9 343 347
10 10 90 96
10 11 291 307
10 12 254 268
10 13 58 90
10 14 5 21
10 15 415 436
