1 2 380 388
1 3 327 334
1 5 266 271
1 6 352 356
1 7 299 308
1 8 80 88
1 9 246 252
1 10 407 409
1 11 137 166
1 12 184 191
1 13 451 459
1 14 42 63
1 15 7 30
2 2 378 385
2 3 326 331
2 4 116 120
2 5 267 270
2 6 353 356
2 7 299 307
2 8 79 86
2 9 249 251
2 11 154 162
2 12 185 190
2 13 451 459
2 14 43 63
2 15 3 31
3 2 415 426
3 3 239 252
3 4 216 231
3 5 67 90
3 6 327 341
3 7 440 444
3 8 467 470
3 9 265 269
3 10 388 394
3 11 0 24
3 12 102 123
3 14 366 374
3 15 38 54
4 1 179 180
4 2 417 427
4 3 244 252
4 4 223 232
4 5 71 93
4 6 325 340
4 7 441 446
4 10 388 394
4 11 9 20
4 12 106 122
4 13 283 288
4 14 354 377
4 15 32 54
5 2 110 126
5 3 199 216
5 4 371 399
5 5 404 420
5 6 253 267
5 7 7 14
5 8 437 446
5 9 171 178
5 10 228 236
5 11 39 65
5 12 474 490
5 13 136 143
5 14 340 358
5 15 74 97
6 1 282 285
6 2 109 125
6 3 199 216
6 4 371 397
6 13 453 468
6 5 404 419
6 6 252 265
6 7 6 12
6 8 431 449
6 9 171 177
6 10 228 235
6 11 38 60
6 12 473 490
6 14 339 356
6 15 73 95
7 1 65 83
7 2 254 278
7 3 290 311
7 4 352 363
7 5 450 472
7 6 189 212
7 7 5 19
7 8 93 110
7 9 162 177
7 10 485 502
7 12 126 153
7 11 399 410
7 13 219 242
7 14 320 342
7 15 30 52
8 1 64 83
8 2 257 278
8 3 293 312
8 4 350 371
8 5 450 477
8 6 189 214
8 7 6 20
8 8 93 114
8 9 162 179
8 10 486 503
8 11 381 396
8 12 124 153
8 13 220 245
8 14 319 344
8 15 30 50
9 1 358 361
9 2 33 54
9 3 126 145
9 5 253 276
9 6 184 209
9 7 157 168
9 8 219 237
9 9 385 392
9 10 101 108
9 12 326 347
9 11 288 301
9 13 65 83
9 4 407 422
9 14 5 22
9 15 470 491
10 1 358 362
10 2 40 55
10 3 137 146
10 4 406 434
10 5 253 265
10 6 182 204
10 7 155 176
10 8 217 229
10 9 385 391
10 10 97 114
10 11 329 347
10 12 285 301
10 13 64 84
10 14 5 22
10 15 446 478
