1 2 357 365
1 3 307 315
1 5 250 255
1 6 331 335
1 7 282 289
1 8 75 83
1 9 232 237
1 10 382 384
1 11 144 156
1 12 174 180
1 13 424 444
1 14 40 60
1 15 7 28
2 2 356 362
2 3 307 311
2 4 109 113
2 5 251 254
2 6 332 335
2 7 282 289
2 8 75 81
2 9 234 236
2 10 381 384
2 11 145 152
2 12 175 179
2 13 182 192
2 14 41 60
2 15 3 29
3 1 166 168
3 2 391 400
3 3 225 237
3 4 203 218
3 5 63 85
3 6 305 321
3 7 414 418
3 8 438 441
3 9 249 253
3 10 365 370
3 11 0 23
3 12 96 117
3 14 344 352
3 15 36 51
4 1 167 170
4 2 393 401
4 3 230 237
4 4 210 218
4 5 67 88
4 6 305 320
4 7 415 419
4 10 365 370
4 11 8 19
4 12 99 116
4 13 269 285
4 14 333 342
4 15 30 51
5 2 104 118
5 3 187 203
5 4 349 375
5 5 380 395
5 6 238 251
5 7 7 13
5 8 411 419
5 9 162 167
5 10 215 222
5 11 37 61
5 12 445 460
5 13 128 135
5 14 320 336
5 15 70 91
6 1 265 268
6 2 103 118
6 3 187 203
6 4 349 374
6 13 426 440
6 5 380 394
6 6 237 250
6 7 6 12
6 8 409 422
6 9 161 167
6 10 215 221
6 11 36 57
6 12 445 460
6 14 319 335
6 15 69 88
7 1 61 79
7 2 239 261
7 3 272 293
7 4 331 342
7 5 423 444
7 6 177 200
7 7 5 18
7 8 88 104
7 9 153 166
7 10 456 471
7 12 119 144
7 13 206 228
7 14 301 322
7 15 29 49
8 1 60 78
8 2 242 262
8 3 276 293
8 4 329 349
8 5 423 448
8 6 177 201
8 7 6 19
8 8 87 108
8 9 153 168
8 10 457 472
8 11 358 379
8 12 117 144
8 13 207 230
8 15 27 38
8 14 300 324
9 1 337 339
9 2 31 52
9 3 118 137
9 5 238 259
9 6 173 197
9 7 148 159
9 8 205 223
9 9 362 369
9 10 95 102
9 11 306 326
9 12 270 283
9 13 61 79
9 4 382 397
9 14 5 21
9 15 440 463
10 1 337 340
10 2 38 53
10 3 129 137
10 4 381 404
10 5 237 249
10 6 171 192
10 7 147 165
10 8 204 215
10 9 362 368
10 10 95 103
10 11 307 326
10 12 269 283
10 13 61 80
10 14 5 21
10 15 439 461
