1 2 389 396
1 3 335 340
1 4 132 136
1 7 303 318
1 8 80 90
1 10 260 261
1 11 142 171
1 12 186 200
1 1 186 200
1 13 460 474
1 14 40 59
1 15 4 29
1 5 221 231
2 2 387 391
2 4 118 124
2 7 303 317
2 8 78 88
2 11 154 167
2 12 187 197
2 1 187 197
2 14 41 60
2 15 0 28
2 3 218 233
2 5 464 476
3 2 426 436
3 3 245 255
3 5 69 88
3 6 336 346
3 10 404 406
3 11 0 24
3 12 102 124
3 14 378 381
3 15 37 52
3 1 299 308
4 2 428 436
4 3 251 255
4 5 73 90
4 6 335 346
4 7 459 462
4 14 363 383
4 15 284 311
4 1 31 51
4 4 104 123
4 8 4 20
5 2 111 125
5 3 201 220
5 4 460 468
5 5 417 429
5 6 259 270
5 7 2 14
5 8 450 456
5 9 180 184
5 10 231 250
5 11 34 51
5 12 486 504
5 13 138 147
5 14 347 366
5 15 49 81
5 1 81 100
6 2 108 124
6 3 201 219
6 4 461 480
6 1 383 392
6 5 419 427
6 6 258 271
6 7 0 13
6 8 446 461
6 9 171 182
6 10 230 242
6 11 35 54
6 12 480 504
6 14 345 366
6 15 381 403
6 13 74 95
7 1 63 81
7 2 259 283
7 3 296 318
7 5 465 482
7 6 195 213
7 7 0 19
7 8 100 111
7 9 162 183
7 10 497 518
7 12 410 421
7 13 222 240
7 14 329 349
7 15 25 49
7 11 147 161
7 4 240 251
8 1 62 81
8 2 263 282
8 3 299 318
8 4 361 372
8 5 465 487
8 6 196 214
8 7 0 20
8 8 94 113
8 9 162 185
8 10 499 519
8 13 232 253
8 14 325 351
8 15 25 39
8 11 372 384
8 12 123 133
9 2 33 53
9 3 128 145
9 4 505 512
9 5 261 279
9 6 190 210
9 7 156 169
9 8 226 239
9 10 96 111
9 12 332 356
9 13 69 85
9 1 421 430
9 14 2 19
9 15 478 504
9 11 451 467
10 2 37 52
10 3 139 146
10 4 435 446
10 5 262 268
10 6 188 206
10 7 153 182
10 1 377 404
10 8 227 229
10 9 394 395
10 10 98 119
10 11 243 248
10 12 330 356
10 13 68 98
10 14 0 19
10 15 308 330
