1 1 295 296
1 2 263 269
1 3 226 232
1 5 184 189
1 6 243 247
1 7 208 212
1 8 56 62
1 9 171 174
1 10 279 282
1 11 96 114
1 13 312 326
1 14 30 46
1 15 6 22
2 2 262 270
2 3 226 229
2 5 184 188
2 6 244 248
2 7 208 211
2 8 56 60
2 9 172 173
2 10 279 281
2 11 129 136
2 12 107 113
2 13 312 318
2 14 30 46
2 15 4 23
3 1 123 125
3 2 288 295
3 3 165 176
3 4 157 161
3 5 47 64
3 6 223 237
3 7 305 307
3 8 322 326
3 9 184 186
3 10 269 271
3 11 0 17
3 12 72 86
3 13 197 208
3 14 245 259
3 15 27 38
4 1 123 127
4 2 289 296
4 3 169 176
4 4 155 160
4 5 50 66
4 6 224 236
4 7 306 308
4 8 322 323
4 9 185 186
4 10 269 272
4 11 7 10
4 12 74 85
4 13 197 213
4 14 245 262
4 15 23 39
5 1 194 196
5 2 77 88
5 3 138 151
5 4 257 268
5 5 279 291
5 6 176 185
5 7 7 10
5 8 302 309
5 9 120 123
5 10 159 163
5 11 29 41
5 12 327 338
5 13 95 100
5 14 236 248
5 15 38 66
6 1 195 198
6 2 76 88
6 3 139 150
6 4 257 274
6 5 279 291
6 6 175 185
6 7 6 9
6 8 302 311
6 9 119 124
6 10 159 162
6 11 28 41
6 12 327 338
6 14 235 247
6 15 55 66
6 13 263 272
7 1 46 59
7 2 177 193
7 3 201 216
7 5 310 328
7 6 131 148
7 7 5 13
7 8 65 77
7 9 114 122
7 10 336 346
7 12 253 283
7 11 89 106
7 13 152 162
7 14 222 237
7 15 22 37
8 1 45 58
8 2 178 194
8 3 203 217
8 4 246 255
8 5 311 331
8 6 130 149
8 7 6 14
8 8 63 80
8 9 111 123
8 10 337 346
8 11 258 280
8 12 89 106
8 13 153 169
8 14 221 239
8 15 21 37
9 1 248 250
9 2 24 39
9 3 88 102
9 5 175 192
9 6 127 145
9 7 108 118
9 8 147 165
9 9 269 271
9 10 71 75
9 11 222 239
9 12 199 209
9 13 46 70
9 4 281 293
9 14 5 17
9 15 323 340
10 1 248 251
10 2 28 40
10 3 96 102
10 4 274 296
10 5 175 184
10 6 126 142
10 7 109 121
10 8 150 159
10 9 267 270
10 10 71 75
10 11 232 239
10 12 198 228
10 13 45 71
10 14 4 17
10 15 323 339
