1 2 347 354
1 3 298 305
1 5 243 248
1 6 321 325
1 7 273 281
1 8 73 80
1 9 225 230
1 10 370 373
1 11 126 151
1 12 169 174
1 13 412 431
1 14 39 58
1 15 7 27
2 2 345 351
2 3 298 302
2 4 106 110
2 5 243 247
2 6 322 325
2 7 274 280
2 8 72 79
2 9 227 229
2 10 370 372
2 11 141 147
2 12 169 174
2 13 412 420
2 14 39 58
2 15 3 29
3 1 161 163
3 2 379 388
3 3 218 230
3 4 197 212
3 5 61 83
3 6 296 311
3 7 402 405
3 8 426 429
3 9 242 246
3 10 354 359
3 11 0 22
3 12 93 113
3 14 334 341
3 15 35 50
4 1 163 165
4 2 381 390
4 3 223 230
4 4 204 212
4 5 65 86
4 6 296 311
4 7 403 406
4 10 354 359
4 11 8 19
4 12 96 112
4 13 260 276
4 14 323 344
4 15 30 50
5 2 101 115
5 3 181 197
5 4 339 364
5 5 369 384
5 6 231 244
5 7 7 13
5 8 399 407
5 9 157 163
5 10 209 216
5 11 36 59
5 12 432 447
5 13 125 131
5 14 311 326
5 15 68 89
6 1 257 261
6 2 100 114
6 3 181 197
6 4 339 363
6 13 413 427
6 5 368 383
6 6 230 243
6 7 6 11
6 8 392 410
6 9 156 163
6 10 208 214
6 11 36 55
6 12 432 447
6 14 310 325
6 15 67 86
7 1 60 77
7 2 232 254
7 3 264 284
7 4 321 338
7 5 410 431
7 6 172 194
7 7 5 17
7 8 85 101
7 9 148 162
7 10 442 458
7 12 115 139
7 13 200 220
7 14 293 313
7 15 28 47
8 1 58 76
8 2 235 254
8 3 268 285
8 4 319 338
8 5 411 435
8 6 172 195
8 7 6 18
8 8 85 105
8 9 149 163
8 10 444 458
8 11 348 368
8 12 340 369
8 13 201 223
8 14 291 315
8 15 28 47
9 1 327 329
9 2 31 50
9 4 263 275
9 3 115 133
9 5 231 251
9 6 168 191
9 7 143 154
9 8 200 217
9 9 354 358
9 10 88 99
9 11 297 316
9 13 60 76
9 12 372 385
9 14 5 20
9 15 429 449
10 1 327 330
10 2 36 51
10 3 126 133
10 4 370 392
10 5 230 242
10 6 166 186
10 7 142 160
10 8 198 209
10 9 351 357
10 10 92 104
10 11 298 317
10 12 261 275
10 13 59 77
10 14 5 20
10 15 408 440
