1 1 882 886
1 2 787 805
1 3 678 695
1 4 266 271
1 5 550 565
1 6 727 739
1 7 623 634
1 8 167 183
1 9 513 521
1 10 837 845
1 11 319 341
1 12 385 392
1 13 936 954
1 14 90 122
1 15 16 48
2 1 881 884
2 2 784 798
2 3 677 686
2 4 240 248
2 5 550 562
2 6 729 740
2 7 624 632
2 8 158 179
2 9 513 518
2 10 835 842
2 11 320 337
2 12 279 283
2 13 936 950
2 14 90 122
2 15 10 42
3 1 365 373
3 2 861 883
3 3 494 524
3 4 461 481
3 5 139 171
3 6 669 701
3 7 913 919
3 8 964 976
3 9 551 557
3 10 805 813
3 11 32 50
3 12 245 256
3 13 611 622
3 14 733 765
3 15 79 111
4 1 368 380
4 2 865 885
4 3 506 524
4 4 464 478
4 5 146 178
4 12 178 197
4 6 669 701
4 7 915 921
4 8 962 967
4 9 555 557
4 10 806 814
4 11 19 38
4 13 590 619
4 14 734 763
4 15 69 101
5 1 581 586
5 2 229 261
5 3 413 445
5 4 770 802
5 5 833 865
5 6 524 555
5 7 19 27
5 8 904 924
5 9 359 369
5 10 477 487
5 11 84 110
5 12 115 132
5 13 284 297
5 14 706 738
5 15 156 188
6 1 584 592
6 2 227 259
6 3 414 446
6 4 770 802
6 11 802 821
6 5 835 867
6 6 522 552
6 7 16 24
6 8 903 931
6 9 357 370
6 10 475 484
6 14 705 737
6 15 163 194
6 12 284 293
7 1 136 168
7 2 528 560
7 11 560 577
7 3 601 633
7 4 746 752
7 5 929 961
7 6 390 422
7 7 13 37
7 8 194 226
7 9 340 365
7 10 1008 1036
7 12 757 781
7 13 456 485
7 14 664 696
7 15 65 97
8 1 134 166
8 2 533 565
8 3 607 639
8 4 725 757
8 5 930 962
8 6 390 422
8 7 17 41
8 8 193 225
8 9 340 368
8 10 1009 1035
8 11 821 837
8 12 297 316
8 13 457 489
8 14 661 693
8 15 103 107
9 1 742 749
9 2 70 102
9 9 590 610
9 4 102 116
9 3 260 292
9 5 523 555
9 6 380 412
9 7 328 335
9 8 450 482
9 10 212 224
9 11 676 705
9 12 614 625
9 13 841 873
9 14 13 45
9 15 969 1001
10 1 743 750
10 2 84 116
10 3 286 304
10 4 838 865
10 9 865 887
10 5 522 551
10 11 820 835
10 6 375 407
10 7 326 358
10 8 438 470
10 10 205 223
10 12 916 919
10 13 135 167
10 14 12 44
10 15 965 997
