1 1 456 459
1 2 407 417
1 3 351 360
1 4 138 141
1 5 285 293
1 6 377 383
1 7 323 328
1 8 87 95
1 9 266 270
1 10 433 437
1 11 165 177
1 12 255 258
1 13 485 505
1 14 47 70
1 15 9 33
2 1 456 458
2 2 406 413
2 3 350 355
2 4 124 129
2 5 285 291
2 6 378 383
2 7 323 327
2 8 86 93
2 9 266 268
2 10 433 436
2 11 166 173
2 12 200 204
2 13 485 492
2 14 47 70
2 15 6 34
3 1 189 193
3 2 446 457
3 3 256 272
3 4 244 248
3 5 72 99
3 6 347 367
3 7 473 476
3 8 499 505
3 9 285 289
3 10 417 421
3 11 0 26
3 12 111 133
3 13 305 322
3 14 379 402
3 15 41 59
4 1 191 197
4 2 448 458
4 3 262 272
4 4 231 248
4 5 76 103
4 6 347 367
4 7 474 477
4 8 498 501
4 9 287 289
4 10 417 421
4 11 10 15
4 12 114 132
4 13 305 329
4 14 380 406
4 15 36 60
5 1 301 304
5 2 119 136
5 3 214 233
5 4 399 426
5 5 432 452
5 6 272 287
5 7 10 15
5 8 468 479
5 9 186 190
5 10 247 252
5 11 44 68
5 12 507 524
5 13 147 154
5 14 365 384
5 15 82 101
6 1 303 307
6 2 118 136
6 3 215 233
6 4 399 425
6 5 432 451
6 6 271 286
6 7 9 13
6 8 468 482
6 9 185 192
6 10 246 251
6 11 43 64
6 12 507 524
6 13 147 152
6 14 365 382
6 15 85 101
7 1 71 90
7 2 274 299
7 3 311 335
7 5 481 508
7 6 202 229
7 7 8 19
7 8 101 119
7 9 176 189
7 10 520 536
7 12 137 163
7 13 236 252
7 14 344 368
7 15 34 56
8 1 70 90
8 2 276 300
8 3 315 335
8 4 376 396
8 5 481 513
8 6 202 231
8 7 9 21
8 8 100 124
8 9 172 191
8 10 522 536
8 11 408 433
8 12 137 164
8 13 236 262
8 14 342 370
8 15 32 56
9 1 384 388
9 2 37 60
9 4 307 324
9 3 135 158
9 5 271 297
9 6 197 225
9 7 167 182
9 8 233 256
9 9 417 420
9 10 110 116
9 11 350 370
9 13 436 461
9 12 71 91
9 14 7 26
9 15 501 527
10 1 385 388
10 2 44 62
10 3 149 158
10 4 434 459
10 5 270 286
10 6 195 220
10 7 169 188
10 8 232 247
10 9 414 418
10 10 106 116
10 11 351 371
10 12 306 329
10 13 70 91
10 14 7 26
10 15 500 525
