1 2 393 401
1 3 338 346
1 5 275 281
1 6 364 368
1 7 310 318
1 8 83 91
1 9 255 261
1 10 420 423
1 11 158 171
1 12 191 198
1 13 466 475
1 14 44 65
1 15 7 31
2 2 391 398
2 3 337 342
2 4 120 124
2 5 276 279
2 6 365 369
2 7 310 317
2 8 82 89
2 9 257 259
2 11 159 167
2 12 191 197
2 13 467 475
2 14 44 66
2 15 3 32
3 1 183 185
3 2 430 440
3 3 247 261
3 4 223 240
3 5 69 94
3 6 337 353
3 7 455 459
3 8 483 487
3 9 274 278
3 10 401 407
3 11 0 25
3 12 106 128
3 14 378 387
3 15 39 56
4 1 185 187
4 2 432 441
4 3 253 261
4 4 231 240
4 5 74 97
4 6 336 352
4 7 456 460
4 10 402 407
4 11 9 21
4 12 109 127
4 13 293 312
4 14 366 376
4 15 34 56
5 2 114 130
5 3 206 224
5 4 384 412
5 5 417 435
5 6 262 276
5 7 8 15
5 8 452 461
5 9 178 184
5 10 236 244
5 11 41 60
5 12 489 506
5 1 56 67
5 13 141 148
5 14 352 370
5 15 77 100
6 1 291 295
6 2 113 129
6 3 205 223
6 4 384 410
6 13 468 483
6 5 417 433
6 6 261 275
6 7 7 12
6 8 446 464
6 9 177 184
6 10 236 243
6 11 40 62
6 12 489 506
6 14 351 368
6 15 76 98
7 1 68 87
7 2 263 287
7 3 299 322
7 4 364 383
7 5 465 488
7 6 195 219
7 7 5 19
7 8 96 114
7 9 168 183
7 10 501 518
7 12 131 158
7 13 227 250
7 14 331 354
7 15 30 54
8 1 66 86
8 2 266 288
8 3 303 322
8 4 362 384
8 5 465 493
8 6 195 221
8 7 6 21
8 8 96 119
8 9 164 185
8 10 503 519
8 11 394 419
8 12 129 158
8 13 228 253
8 14 330 356
8 15 34 53
9 1 370 373
9 2 35 57
9 3 130 150
9 5 262 285
9 6 190 216
9 7 162 174
9 8 227 245
9 9 398 405
9 10 100 112
9 11 337 358
9 12 297 312
9 13 67 87
9 4 421 436
9 14 6 23
9 15 486 508
10 1 370 374
10 2 41 58
10 3 142 151
10 4 419 445
10 5 261 274
10 6 188 211
10 7 161 181
10 8 225 237
10 9 398 404
10 10 101 117
10 11 337 359
10 12 295 318
10 13 67 87
10 14 5 23
10 15 483 507
