1 2 1169 1192
1 3 1007 1027
1 4 397 405
1 5 821 828
1 7 914 946
1 8 241 269
1 9 770 776
1 10 1265 1266
1 11 721 744
1 12 492 513
1 1 492 513
1 6 422 439
1 13 1388 1420
1 14 123 155
1 15 12 44
2 2 1165 1182
2 3 1004 1014
2 4 355 371
2 7 916 948
2 8 236 265
2 9 751 754
2 11 565 592
2 13 1390 1416
2 14 126 158
2 1 158 184
2 15 0 32
2 5 32 64
2 6 64 88
2 10 1408 1431
2 12 851 867
3 2 1280 1310
3 3 737 769
3 4 667 671
3 5 206 238
3 1 238 269
3 6 1006 1038
3 7 1353 1363
3 9 817 823
3 10 1191 1195
3 14 1134 1148
3 15 115 147
3 8 147 158
3 11 911 922
4 2 1286 1312
4 3 751 771
4 4 688 713
4 5 217 249
4 1 249 278
4 6 1001 1033
4 8 1033 1044
4 7 1356 1363
4 10 1193 1196
4 11 27 55
4 14 1091 1116
4 9 1138 1156
4 15 16 48
4 12 112 144
4 13 322 354
5 2 333 365
5 1 365 379
5 3 608 640
5 4 1141 1172
5 5 1248 1280
5 6 774 806
5 7 10 40
5 8 1353 1379
5 9 522 550
5 10 697 729
5 11 145 156
5 12 189 206
5 13 412 437
5 14 1044 1076
5 15 147 179
6 2 327 359
6 1 359 376
6 3 608 640
6 13 640 659
6 4 1147 1179
6 5 1250 1282
6 6 776 808
6 7 5 36
6 8 1339 1371
6 9 518 546
6 10 697 725
6 11 146 167
6 12 167 183
6 14 1042 1074
6 15 217 249
7 1 193 225
7 11 225 249
7 2 780 812
7 3 889 921
7 4 1087 1099
7 5 1393 1425
7 6 582 614
7 7 2 34
7 8 307 333
7 9 494 526
7 10 1496 1528
7 12 443 472
7 13 670 702
7 14 987 1019
7 15 75 107
8 1 188 220
8 11 220 248
8 2 789 821
8 12 821 850
8 3 927 958
8 4 1082 1114
8 5 1394 1426
8 6 584 616
8 7 6 38
8 8 283 315
8 9 494 526
8 10 1501 1533
8 13 675 707
8 14 980 1012
8 15 80 112
9 2 98 130
9 1 130 160
9 3 384 416
9 4 1521 1533
9 5 780 812
9 6 571 603
9 7 474 506
9 8 677 709
9 9 1185 1206
9 10 295 327
9 11 1435 1439
9 12 914 926
9 13 1256 1288
9 14 9 41
9 15 1447 1479
10 2 113 145
10 1 145 161
10 3 415 443
10 4 1305 1329
10 5 782 808
10 6 559 591
10 7 469 501
10 8 673 696
10 9 1184 1208
10 10 302 333
10 11 1051 1074
10 12 955 979
10 13 224 256
10 14 4 36
10 15 1258 1290
