1 2 368 376
1 3 316 324
1 5 258 263
1 6 341 344
1 7 289 298
1 8 77 85
1 9 238 244
1 10 389 396
1 11 133 161
1 12 178 185
1 13 436 445
1 14 41 60
1 15 6 28
2 2 366 372
2 3 315 320
2 4 112 117
2 5 258 261
2 6 342 345
2 7 289 298
2 8 77 83
2 11 149 156
2 12 179 184
2 13 437 446
2 14 41 61
2 15 2 30
3 2 402 412
3 3 231 243
3 4 209 225
3 5 65 87
3 6 316 330
3 7 426 430
3 8 453 455
3 9 256 260
3 10 375 381
3 11 0 24
3 12 98 119
3 14 354 362
3 15 36 52
4 1 173 175
4 2 404 413
4 3 237 244
4 4 216 224
4 5 69 90
4 6 316 329
4 7 427 431
4 10 377 382
4 12 101 118
4 13 289 294
4 14 342 364
4 15 30 52
4 8 8 19
5 2 106 121
5 3 192 209
5 4 360 369
5 5 391 407
5 6 245 258
5 7 7 14
5 8 423 432
5 9 166 173
5 10 221 229
5 11 37 60
5 12 459 474
5 1 54 63
5 13 131 138
5 14 329 345
5 15 72 94
6 1 273 276
6 2 105 120
6 3 192 209
6 4 359 386
6 5 391 405
6 6 244 257
6 7 5 12
6 8 417 435
6 9 165 174
6 10 221 227
6 11 37 58
6 12 458 476
6 14 328 345
6 15 70 91
6 13 368 381
7 1 63 80
7 2 246 269
7 3 280 301
7 4 340 344
7 5 436 457
7 6 183 205
7 7 4 18
7 8 90 107
7 9 157 172
7 10 470 486
7 12 122 148
7 11 387 397
7 13 212 236
7 14 310 331
7 15 29 50
8 1 61 80
8 2 249 269
8 3 284 302
8 4 339 359
8 5 436 461
8 6 183 207
8 7 5 20
8 8 90 110
8 9 157 172
8 10 471 487
8 12 120 148
8 13 213 237
8 14 309 333
8 15 29 39
9 1 347 349
9 2 32 52
9 3 122 140
9 4 477 480
9 5 245 267
9 6 178 202
9 7 151 163
9 8 212 229
9 9 373 380
9 10 97 105
9 12 315 336
9 11 279 292
9 13 63 81
9 14 5 21
9 15 454 477
10 1 347 350
10 2 38 53
10 3 132 141
10 4 394 421
10 5 245 256
10 6 176 197
10 7 150 170
10 8 210 221
10 9 372 379
10 10 97 112
10 11 319 336
10 12 278 303
10 13 62 81
10 14 4 21
10 15 452 474
