1 2 380 389
1 3 328 335
1 5 267 272
1 6 353 357
1 7 300 308
1 8 80 88
1 9 247 252
1 10 405 409
1 11 153 166
1 12 186 191
1 13 452 460
1 14 43 64
1 15 8 30
2 2 379 385
2 3 327 331
2 4 116 120
2 5 267 271
2 6 353 357
2 7 300 307
2 8 77 87
2 9 248 251
2 10 406 408
2 11 154 163
2 12 134 137
2 13 452 460
2 14 43 64
2 15 3 32
3 1 177 180
3 2 416 426
3 3 239 253
3 4 220 232
3 5 67 91
3 6 325 342
3 7 441 445
3 8 467 471
3 9 266 269
3 10 388 393
3 11 0 24
3 12 103 124
3 14 356 375
3 15 38 55
4 1 177 182
4 2 418 427
4 3 245 253
4 4 224 232
4 5 71 95
4 6 325 341
4 7 442 446
4 10 389 394
4 11 9 21
4 12 106 123
4 13 284 289
4 14 355 364
4 15 33 55
5 1 281 283
5 2 111 126
5 3 199 217
5 4 372 399
5 5 404 421
5 6 253 268
5 7 8 14
5 8 437 447
5 9 172 178
5 10 229 236
5 11 40 63
5 12 474 490
5 13 137 144
5 14 341 358
5 15 75 97
6 1 282 286
6 2 109 126
6 3 199 217
6 4 372 397
6 5 404 420
6 6 253 266
6 7 7 12
6 8 436 450
6 9 171 178
6 10 229 235
6 11 39 60
6 12 474 490
6 14 340 357
6 15 77 94
6 13 381 391
7 1 66 84
7 2 255 278
7 3 290 312
7 4 353 364
7 5 450 473
7 6 189 213
7 7 6 19
7 8 94 111
7 9 163 177
7 10 485 502
7 12 127 153
7 13 220 236
7 14 321 343
7 15 31 51
8 1 64 83
8 2 258 279
8 3 294 313
8 4 351 372
8 5 450 478
8 6 189 215
8 7 7 20
8 8 93 115
8 9 160 179
8 10 487 502
8 11 90 93
8 12 124 153
8 13 220 245
8 14 320 345
8 15 37 40
9 1 359 362
9 2 34 55
9 3 126 146
9 5 253 276
9 6 184 210
9 7 158 169
9 8 219 238
9 10 102 109
9 11 326 347
9 12 288 302
9 13 66 84
9 9 407 423
9 14 6 23
9 15 469 492
9 4 443 454
10 1 359 363
10 2 40 57
10 3 138 147
10 4 405 431
10 5 253 266
10 6 182 205
10 7 156 175
10 8 217 230
10 9 386 391
10 10 98 114
10 11 327 347
10 12 286 301
10 13 65 85
10 14 6 23
10 15 467 491
