1 1 441 443
1 2 393 402
1 3 338 347
1 4 133 136
1 5 275 282
1 6 364 369
1 7 311 318
1 8 83 91
1 9 256 261
1 10 418 423
1 11 159 171
1 12 193 198
1 13 467 476
1 14 45 66
1 15 8 31
2 2 392 399
2 3 338 343
2 4 120 124
2 5 276 280
2 6 365 370
2 7 311 317
2 8 82 90
2 9 257 260
2 10 419 421
2 11 160 169
2 12 139 142
2 13 467 476
2 14 45 67
2 15 4 33
3 1 182 186
3 2 430 441
3 3 247 262
3 4 223 241
3 5 70 95
3 6 335 354
3 7 456 460
3 8 482 487
3 9 275 279
3 10 402 407
3 11 0 25
3 12 107 128
3 14 367 388
3 15 39 57
4 1 183 189
4 2 432 442
4 3 253 262
4 4 232 240
4 5 74 98
4 6 335 353
4 7 457 461
4 10 403 407
4 11 9 19
4 12 109 128
4 13 310 318
4 14 367 391
4 15 34 57
5 1 291 293
5 2 115 131
5 3 206 224
5 4 385 413
5 5 418 436
5 6 262 277
5 7 9 15
5 8 452 462
5 9 179 185
5 10 237 244
5 11 42 61
5 12 490 506
5 13 141 149
5 14 353 371
5 15 78 101
6 1 292 296
6 2 113 130
6 3 206 224
6 4 385 411
6 5 418 434
6 6 261 276
6 7 8 13
6 8 451 465
6 9 178 184
6 10 237 243
6 11 41 62
6 12 490 506
6 14 352 369
6 15 80 97
6 13 394 406
7 1 68 87
7 2 264 288
7 3 300 323
7 4 365 384
7 5 465 489
7 6 195 220
7 7 6 19
7 8 97 115
7 9 169 183
7 10 503 518
7 12 132 158
7 13 228 244
7 14 332 355
7 15 33 54
8 1 67 86
8 2 267 289
8 3 304 323
8 4 363 385
8 5 465 494
8 6 195 222
8 7 8 21
8 8 96 119
8 9 165 184
8 10 504 519
8 11 394 419
8 12 385 415
8 15 130 158
8 13 228 253
8 14 331 357
9 1 371 374
9 2 35 58
9 3 130 151
9 5 262 286
9 6 190 217
9 7 163 175
9 8 226 247
9 9 403 406
9 10 101 112
9 11 338 358
9 12 297 313
9 13 68 88
9 4 421 437
9 14 7 24
9 15 486 509
10 1 371 375
10 2 42 59
10 3 143 152
10 4 419 444
10 5 262 275
10 6 188 212
10 7 162 181
10 8 225 238
10 9 399 404
10 10 102 112
10 11 338 359
10 12 296 318
10 13 68 88
10 14 6 24
10 15 483 508
