1 2 588 600
1 3 505 517
1 4 198 202
1 5 411 419
1 6 546 550
1 7 462 476
1 8 122 135
1 9 381 390
1 10 623 634
1 11 235 259
1 12 285 295
1 1 285 295
1 13 698 711
1 14 64 96
1 15 9 41
2 2 585 595
2 3 504 511
2 4 179 186
2 5 413 417
2 6 546 551
2 7 463 476
2 8 122 133
2 9 386 388
2 11 237 251
2 12 285 297
2 1 285 297
2 13 698 712
2 14 65 96
2 15 3 35
2 10 35 47
3 2 643 659
3 3 370 389
3 4 333 359
3 5 104 136
3 6 503 527
3 7 681 687
3 8 725 727
3 9 410 416
3 10 600 610
3 14 567 578
3 15 58 82
4 2 646 660
4 3 378 389
4 4 344 358
4 5 109 141
4 6 503 526
4 7 683 690
4 10 603 611
4 11 12 30
4 12 163 191
4 13 462 470
4 14 547 573
4 15 49 81
4 8 445 465
5 2 170 193
5 3 307 334
5 4 574 604
5 5 625 650
5 6 391 412
5 7 10 21
5 8 677 690
5 9 265 276
5 10 353 366
5 11 58 85
5 12 733 758
5 1 85 100
5 13 210 220
5 14 526 552
5 15 113 145
6 1 437 441
6 2 167 192
6 3 307 333
6 4 573 601
6 11 713 724
6 13 605 614
6 5 626 648
6 6 390 410
6 7 8 18
6 8 674 694
6 9 263 274
6 10 353 363
6 12 728 758
6 14 525 550
6 15 112 144
7 1 100 128
7 2 393 425
7 3 448 480
7 4 544 569
7 5 697 729
7 6 292 324
7 7 6 28
7 8 144 171
7 9 250 274
7 10 751 777
7 12 226 237
7 13 338 358
7 14 496 528
7 15 44 76
7 11 553 572
8 1 97 127
8 2 397 429
8 3 454 482
8 4 542 573
8 5 698 730
8 6 292 324
8 7 8 31
8 8 143 175
8 9 251 277
8 10 753 779
8 11 601 628
8 12 574 601
8 13 339 371
8 14 494 526
8 15 43 60
9 1 554 558
9 2 51 83
9 3 194 224
9 4 448 453
9 5 391 423
9 6 285 317
9 7 241 259
9 8 339 366
9 9 599 608
9 10 154 167
9 12 596 605
9 11 480 483
9 13 100 128
9 14 8 33
9 15 726 758
10 1 555 560
10 2 61 85
10 3 214 225
10 4 629 661
10 9 661 672
10 5 391 409
10 6 281 313
10 7 240 272
10 8 336 353
10 10 150 168
10 11 517 537
10 12 503 529
10 13 99 130
10 14 6 33
10 15 723 755
