1 2 395 404
1 3 340 349
1 5 276 284
1 6 365 371
1 7 314 317
1 8 122 140
1 9 259 260
1 10 420 423
1 11 162 171
1 13 470 479
1 14 46 69
2 1 442 444
2 2 393 401
2 3 340 344
2 5 276 283
2 6 366 372
2 7 314 317
2 9 257 259
2 10 419 421
2 11 162 171
2 13 69 91
2 14 35 67
3 1 184 188
3 2 432 443
3 3 248 264
3 5 71 97
3 6 333 356
3 7 458 472
3 8 213 222
3 10 404 407
3 11 0 25
3 12 109 124
3 13 296 308
3 14 367 391
4 1 186 191
4 2 434 444
4 3 254 264
4 5 74 100
4 6 334 355
4 7 460 462
4 8 208 232
4 4 482 491
4 10 406 407
4 13 297 314
4 14 368 394
5 1 291 294
5 2 116 133
5 3 208 227
5 5 418 438
5 6 264 280
5 7 11 14
5 8 454 464
5 9 182 183
5 10 240 244
5 11 44 61
5 12 492 506
5 13 144 149
5 14 355 372
6 1 293 297
6 2 115 133
6 3 209 227
6 5 418 437
6 6 262 278
6 7 10 13
6 8 453 467
6 9 180 185
6 10 239 243
6 11 43 61
6 12 491 506
6 13 144 147
6 14 354 371
7 1 70 88
7 2 265 291
7 3 302 325
7 5 465 493
7 6 196 224
7 7 9 20
7 8 98 116
7 9 172 183
7 10 506 518
7 12 134 158
7 13 229 243
7 11 35 48
7 14 333 358
8 1 68 87
8 2 267 291
8 3 304 326
8 5 466 497
8 6 195 225
8 7 10 21
8 8 98 121
8 9 172 175
8 10 506 519
8 11 402 415
8 12 135 158
8 13 230 254
8 14 332 359
9 1 372 376
9 2 36 60
9 3 132 154
9 5 262 289
9 6 191 218
9 7 165 177
9 8 223 249
9 9 404 406
9 10 102 112
9 11 340 356
9 12 342 358
9 4 342 358
9 13 421 448
9 15 295 315
9 14 8 26
10 1 373 376
10 2 37 61
10 3 145 154
10 5 261 278
10 6 189 214
10 7 158 182
10 8 224 240
10 4 410 426
10 9 401 405
10 10 105 118
10 11 341 345
10 12 297 311
10 13 69 98
10 15 477 487
10 14 8 26
