1 1 401 403
1 2 358 366
1 3 308 316
1 4 121 124
1 5 251 257
1 6 331 336
1 7 283 289
1 8 76 83
1 9 233 237
1 10 380 384
1 11 145 156
1 12 130 133
1 13 425 434
1 14 41 61
1 15 8 29
2 2 357 363
2 3 307 312
2 4 109 113
2 5 251 255
2 6 332 337
2 7 283 288
2 8 75 82
2 9 233 236
2 10 380 383
2 11 146 152
2 12 175 179
2 13 425 433
2 14 41 62
2 15 4 30
3 1 166 170
3 2 392 401
3 3 225 238
3 4 203 219
3 5 64 87
3 6 305 322
3 7 415 418
3 8 438 443
3 9 250 254
3 10 366 370
3 11 0 23
3 12 97 117
3 13 268 271
3 14 334 353
3 15 36 52
4 1 167 173
4 2 394 402
4 3 230 238
4 4 211 217
4 5 67 90
4 6 304 322
4 7 416 419
4 8 438 440
4 10 366 370
4 11 9 20
4 12 100 117
4 13 268 271
4 14 334 356
4 15 32 52
5 1 265 267
5 2 104 120
5 3 188 205
5 4 350 375
5 5 380 397
5 6 239 252
5 7 9 13
5 8 411 420
5 9 163 168
5 10 216 222
5 11 38 61
5 12 446 460
5 13 129 135
5 14 321 337
5 15 72 91
6 1 266 269
6 2 104 119
6 3 188 204
6 4 350 374
6 5 380 396
6 6 238 251
6 7 8 12
6 8 411 423
6 9 162 168
6 10 216 221
6 11 38 56
6 12 445 461
6 14 320 336
6 15 74 89
6 13 360 369
7 1 62 79
7 2 240 263
7 3 273 294
7 4 332 349
7 5 423 446
7 6 178 201
7 7 6 17
7 8 89 105
7 9 154 166
7 10 458 471
7 12 120 144
7 13 207 221
7 14 302 323
7 15 30 49
8 1 61 79
8 2 243 263
8 3 277 294
8 4 330 348
8 5 423 450
8 6 178 203
8 7 8 19
8 8 85 109
8 9 151 168
8 10 459 472
8 11 351 378
8 12 120 144
8 13 207 230
8 14 301 325
8 15 30 49
9 1 338 340
9 2 32 53
9 3 119 138
9 5 238 261
9 6 173 198
9 7 147 160
9 8 205 225
9 10 97 102
9 11 308 325
9 12 271 285
9 13 62 79
9 9 383 398
9 14 6 22
9 15 441 463
10 1 338 341
10 2 38 54
10 3 130 139
10 4 381 404
10 5 238 250
10 6 171 193
10 7 148 165
10 8 204 216
10 9 363 368
10 10 96 102
10 11 308 326
10 12 269 283
10 13 62 80
10 14 6 22
10 15 439 462
