1 2 357 364
1 3 306 314
1 5 250 254
1 6 331 334
1 7 280 289
1 8 75 83
1 9 231 237
1 10 383 384
1 11 129 156
1 12 173 180
1 13 423 444
1 14 40 59
1 15 6 28
2 2 355 361
2 3 306 310
2 4 109 113
2 7 281 289
2 8 74 81
2 11 144 152
2 12 174 180
2 13 424 432
2 14 40 59
2 15 2 29
3 2 390 399
3 3 224 236
3 4 203 218
3 5 63 84
3 6 309 320
3 7 413 417
3 8 439 441
3 9 248 252
3 10 365 370
3 11 0 23
3 12 96 116
3 14 344 347
3 15 35 51
4 2 392 400
4 3 229 236
4 4 209 216
4 5 67 87
4 6 304 319
4 7 414 418
4 10 367 370
4 11 8 19
4 12 98 114
4 13 281 286
4 14 333 353
4 15 30 51
5 2 103 118
5 3 186 203
5 4 349 375
5 5 379 394
5 6 237 250
5 7 7 13
5 8 410 419
5 9 161 167
5 10 214 222
5 11 36 52
5 12 445 460
5 13 128 134
5 14 319 336
5 15 52 84
6 1 265 268
6 2 102 117
6 3 186 203
6 4 348 374
6 13 425 440
6 5 380 393
6 6 236 249
6 7 5 12
6 8 404 421
6 9 160 167
6 10 214 220
6 11 36 56
6 12 442 460
6 14 318 334
6 15 68 89
7 1 61 78
7 2 239 260
7 3 272 292
7 4 331 339
7 5 423 443
7 6 177 199
7 7 4 18
7 8 88 104
7 9 152 166
7 10 455 471
7 12 118 144
7 11 379 384
7 13 205 229
7 14 301 321
7 15 27 47
8 1 59 77
8 2 241 261
8 3 275 292
8 4 329 348
8 5 423 448
8 6 177 200
8 7 5 19
8 8 87 107
8 9 152 167
8 10 456 472
8 12 116 144
8 13 206 230
8 14 299 323
8 15 28 37
9 1 336 339
9 2 31 51
9 3 118 136
9 4 462 465
9 5 237 258
9 6 173 196
9 7 147 157
9 8 206 222
9 9 361 369
9 10 94 102
9 12 305 326
9 11 271 283
9 13 61 78
9 14 5 20
9 15 440 462
10 1 337 340
10 2 37 52
10 3 128 137
10 4 382 408
10 5 238 248
10 6 170 191
10 7 146 165
10 8 204 214
10 9 361 368
10 10 94 108
10 11 309 326
10 12 268 283
10 13 60 80
10 14 4 20
10 15 420 452
