1 2 386 389
1 4 127 136
1 7 298 318
1 9 257 260
1 11 143 171
1 12 180 200
1 1 180 200
1 13 457 474
1 14 37 54
1 15 0 25
1 3 217 229
2 4 117 121
2 7 298 318
2 8 85 86
2 10 420 421
2 11 151 167
2 12 179 186
2 14 38 55
2 15 170 196
2 1 0 25
2 2 217 229
3 2 423 432
3 3 241 250
3 5 69 83
3 7 457 460
3 11 0 20
3 15 99 120
3 1 35 49
3 4 295 304
4 2 424 430
4 4 224 228
4 5 73 86
4 6 334 341
4 7 455 462
4 15 283 314
4 1 103 120
4 3 0 16
4 8 32 48
5 2 107 122
5 3 197 217
5 4 378 400
5 8 21 33
5 5 417 423
5 6 256 265
5 7 0 15
5 9 167 168
5 10 226 244
5 11 33 46
5 12 481 502
5 14 342 364
5 15 46 78
5 1 78 97
6 2 105 121
6 3 197 217
6 4 381 400
6 6 254 268
6 7 0 12
6 8 444 456
6 9 165 183
6 10 240 242
6 11 30 50
6 12 475 504
6 1 50 62
6 14 340 364
6 15 445 475
6 13 62 91
6 5 379 403
7 1 60 77
7 2 256 281
7 3 294 313
7 5 464 477
7 6 195 202
7 7 0 19
7 8 98 103
7 9 157 183
7 10 491 518
7 12 411 424
7 11 152 155
7 13 218 239
7 14 325 345
7 15 24 50
7 4 236 249
8 1 62 76
8 2 260 278
8 3 302 314
8 4 360 369
8 5 466 481
8 6 195 209
8 7 0 21
8 8 93 108
8 9 157 180
8 10 494 518
8 12 394 410
8 11 413 418
8 13 228 252
8 14 323 347
8 15 21 44
9 2 29 49
9 3 123 140
9 4 498 512
9 5 261 274
9 6 189 205
9 7 140 169
9 8 225 237
9 10 91 111
9 12 328 352
9 13 421 424
9 14 0 16
9 15 448 480
9 1 480 498
10 2 34 48
10 3 136 141
10 4 500 511
10 6 188 202
10 7 149 181
10 1 350 382
10 5 382 408
10 8 94 118
10 10 48 65
10 11 434 450
10 9 389 390
10 12 293 311
10 13 65 85
10 14 0 16
10 15 409 434
