1 2 379 388
1 3 326 334
1 5 266 271
1 6 352 355
1 7 298 308
1 8 80 88
1 9 246 252
1 10 402 409
1 11 137 166
1 12 184 191
1 13 450 459
1 14 42 62
1 15 6 29
2 2 378 384
2 3 326 330
2 4 116 120
2 6 353 356
2 7 299 307
2 8 79 86
2 10 401 402
2 11 153 161
2 12 184 192
2 13 451 460
2 14 42 63
2 15 2 31
3 2 415 425
3 3 239 251
3 4 216 232
3 5 67 90
3 6 325 340
3 7 440 444
3 8 468 470
3 9 264 268
3 10 387 393
3 11 0 24
3 12 102 123
3 14 366 373
3 15 38 54
4 2 417 426
4 3 244 251
4 4 222 232
4 5 71 93
4 6 325 340
4 7 441 446
4 10 390 394
4 11 8 19
4 12 106 123
4 13 299 304
4 14 353 363
4 15 31 54
4 8 287 296
5 2 110 125
5 3 198 216
5 4 371 399
5 5 404 420
5 6 253 266
5 7 7 14
5 8 437 446
5 9 171 178
5 10 228 236
5 11 38 55
5 12 474 490
5 1 55 65
5 13 136 142
5 14 339 357
5 15 74 97
6 1 282 285
6 2 108 124
6 3 198 215
6 4 370 397
6 13 452 468
6 5 404 419
6 6 252 265
6 7 5 12
6 8 435 448
6 9 170 177
6 10 228 235
6 11 38 60
6 12 470 490
6 14 339 356
6 15 72 94
7 1 65 83
7 2 254 277
7 3 289 311
7 4 352 355
7 5 450 471
7 6 189 211
7 7 4 19
7 8 93 110
7 9 162 177
7 10 485 502
7 12 126 153
7 11 402 409
7 13 218 236
7 14 320 342
7 15 30 50
8 1 63 82
8 2 257 277
8 3 293 311
8 4 350 370
8 5 450 476
8 6 189 213
8 7 5 20
8 8 93 114
8 9 162 178
8 10 486 503
8 12 124 153
8 13 219 245
8 14 319 344
8 15 30 40
9 1 358 360
9 2 33 54
9 3 125 145
9 4 492 495
9 5 253 275
9 6 184 208
9 7 156 168
9 8 219 237
9 10 100 108
9 12 325 347
9 11 288 301
9 13 65 83
9 9 407 421
9 14 5 21
9 15 469 492
10 1 358 361
10 2 39 55
10 3 137 145
10 4 406 435
10 5 253 264
10 6 181 204
10 7 155 176
10 8 217 229
10 9 384 391
10 10 100 115
10 11 333 347
10 12 315 342
10 13 64 84
10 14 5 21
10 15 301 324
