1 2 392 401
1 3 338 346
1 4 133 136
1 5 275 280
1 6 364 367
1 7 309 318
1 8 82 91
1 9 255 260
1 10 416 423
1 11 158 171
1 12 191 197
1 13 466 474
1 14 44 65
1 15 7 30
2 2 391 397
2 3 337 342
2 4 120 124
2 5 276 279
2 6 365 368
2 7 309 317
2 8 81 89
2 9 257 259
2 10 419 421
2 11 158 167
2 12 191 197
2 13 466 475
2 14 44 65
2 15 3 32
3 2 429 440
3 3 247 260
3 4 223 238
3 5 69 93
3 6 336 352
3 7 455 459
3 8 483 486
3 9 273 278
3 10 400 407
3 11 0 25
3 12 105 127
3 14 379 386
3 15 39 56
4 1 185 186
4 2 431 441
4 3 253 260
4 4 230 239
4 5 73 97
4 6 337 352
4 7 456 460
4 10 402 407
4 11 9 21
4 12 109 126
4 13 309 312
4 14 365 375
4 15 33 56
4 8 293 304
5 2 114 130
5 3 205 223
5 4 384 412
5 5 417 434
5 6 261 276
5 7 8 15
5 8 452 461
5 9 177 184
5 10 236 244
5 11 40 61
5 12 489 506
5 1 57 67
5 13 141 147
5 14 351 369
5 15 77 100
6 1 291 295
6 2 112 129
6 3 205 223
6 4 384 411
6 13 468 483
6 5 418 433
6 6 261 274
6 7 6 13
6 8 445 464
6 9 176 183
6 10 236 243
6 11 40 62
6 12 486 506
6 14 350 368
6 15 75 98
7 1 67 86
7 2 263 287
7 3 299 322
7 4 364 380
7 5 465 488
7 6 195 219
7 7 5 19
7 8 97 114
7 9 167 183
7 10 501 518
7 12 130 158
7 13 226 250
7 14 331 354
7 15 31 53
8 1 66 85
8 2 265 287
8 3 303 322
8 4 362 384
8 5 465 493
8 6 195 221
8 7 6 21
8 8 96 118
8 9 168 184
8 10 502 519
8 12 128 158
8 13 227 253
8 14 330 356
8 15 31 52
9 1 370 373
9 2 34 56
9 3 130 150
9 5 261 285
9 6 190 216
9 7 162 174
9 8 227 245
9 9 400 405
9 10 104 112
9 11 337 358
9 12 298 311
9 13 68 87
9 4 421 436
9 14 6 22
9 15 485 508
10 1 371 374
10 2 41 57
10 3 142 151
10 4 419 449
10 5 262 273
10 6 188 211
10 7 161 181
10 8 224 236
10 9 398 404
10 10 104 119
10 11 337 359
10 12 295 317
10 13 66 88
10 14 5 22
10 15 483 506
