1 2 1174 1199
1 3 1010 1033
1 4 396 402
1 5 823 837
1 6 1090 1099
1 7 922 951
1 8 244 269
1 9 760 780
1 10 1259 1266
1 11 570 599
1 12 501 517
1 1 501 517
1 13 1395 1420
1 14 128 160
1 15 17 49
2 2 1170 1189
2 3 1007 1021
2 4 357 372
2 5 824 832
2 6 1092 1100
2 7 924 949
2 1 1257 1269
2 8 242 263
2 9 758 773
2 10 1243 1244
2 11 473 501
2 12 573 591
2 13 1396 1424
2 14 129 161
2 15 5 37
3 2 1284 1316
3 3 739 771
3 1 1146 1156
3 4 666 698
3 11 698 718
3 5 206 238
3 12 238 270
3 6 1004 1036
3 13 1036 1053
3 7 1361 1374
3 8 1446 1453
3 9 819 830
3 10 1199 1219
3 14 1131 1155
3 15 114 146
4 1 555 556
4 2 1291 1319
4 3 755 778
4 4 688 715
4 5 218 250
4 8 250 282
4 6 1004 1036
4 9 1036 1052
4 7 1364 1378
4 10 1206 1221
4 12 357 374
4 13 924 940
4 11 876 888
4 14 1094 1125
4 15 95 127
5 2 338 370
5 1 370 386
5 3 613 645
5 4 1148 1180
5 5 1249 1281
5 6 781 813
5 7 19 41
5 8 1352 1380
5 9 529 550
5 10 706 730
5 11 150 174
5 12 1498 1516
5 13 419 439
5 14 1052 1084
5 15 226 258
6 1 871 881
6 2 333 365
6 13 365 383
6 3 613 645
6 4 1180 1211
6 5 1251 1283
6 6 779 811
6 7 14 36
6 8 1346 1378
6 9 526 547
6 10 705 726
6 11 150 174
6 12 1487 1515
6 14 1049 1081
6 15 223 255
7 1 199 231
7 2 786 818
7 3 894 926
7 4 1088 1113
7 5 1392 1424
7 6 583 615
7 7 10 42
7 8 286 318
7 9 500 532
7 10 1499 1531
7 11 151 154
7 12 451 472
7 13 675 707
7 14 991 1023
7 15 88 120
8 1 194 224
8 11 228 254
8 2 793 825
8 3 933 963
8 4 1083 1115
8 5 1394 1426
8 6 582 614
8 7 14 46
8 8 285 317
8 9 501 533
8 10 1505 1537
8 12 447 473
8 13 706 738
8 14 987 1019
8 15 91 120
9 1 1107 1115
9 2 100 132
9 9 132 164
9 12 892 907
9 3 387 419
9 4 1524 1534
9 5 781 813
9 6 567 599
9 7 482 514
9 8 677 709
9 10 303 334
9 11 960 965
9 13 1258 1290
9 14 14 46
9 15 1366 1398
10 1 1108 1119
10 2 120 152
10 3 422 448
10 4 1302 1332
10 5 782 814
10 6 560 592
10 7 479 511
10 8 671 703
10 9 1190 1212
10 10 310 335
10 11 1063 1073
10 12 914 930
10 13 230 259
10 14 11 43
10 15 1259 1291
