1 2 781 795
1 3 671 684
1 4 265 271
1 5 548 554
1 7 610 635
1 8 161 179
1 9 503 517
1 11 374 399
1 12 282 293
1 1 282 293
1 10 485 494
1 13 925 947
1 14 82 114
1 15 8 40
1 6 40 57
2 2 777 788
2 3 669 676
2 4 236 247
2 7 611 633
2 8 157 176
2 9 501 503
2 11 313 334
2 12 377 394
2 1 377 394
2 13 927 949
2 14 83 115
2 15 0 32
2 5 32 59
2 6 940 954
2 10 567 579
3 2 854 875
3 3 492 514
3 4 444 448
3 5 138 170
3 8 170 180
3 6 671 697
3 7 902 907
3 9 545 550
3 10 809 813
3 11 32 48
3 12 236 252
3 14 756 766
3 15 77 106
4 2 858 875
4 3 501 515
4 4 459 476
4 5 145 177
4 6 669 696
4 7 904 907
4 10 796 797
4 11 18 25
4 14 728 745
4 1 760 771
4 15 74 106
4 8 581 613
4 9 216 246
4 12 11 36
4 13 364 378
5 2 222 253
5 3 405 437
5 4 925 939
5 1 488 501
5 11 763 776
5 5 832 861
5 6 517 545
5 7 7 27
5 8 902 919
5 9 347 367
5 10 465 487
5 12 125 138
5 13 275 293
5 14 696 728
5 15 145 177
6 2 219 251
6 3 405 437
6 4 765 797
6 1 928 960
6 11 797 818
6 5 834 858
6 6 518 544
6 7 4 25
6 8 893 922
6 9 347 370
6 10 465 484
6 12 997 1012
6 14 695 727
6 15 149 181
6 13 784 806
7 1 129 161
7 2 521 553
7 11 553 568
7 3 593 625
7 4 479 487
7 5 929 961
7 6 389 421
7 7 3 35
7 8 195 222
7 9 330 362
7 10 998 1030
7 12 285 315
7 13 447 479
7 14 658 690
7 15 47 79
8 1 126 158
8 2 526 558
8 11 558 567
8 3 601 633
8 4 722 752
8 5 930 962
8 12 962 979
8 6 389 421
8 7 4 36
8 8 189 221
8 9 330 362
8 10 1001 1033
8 13 450 482
8 14 655 687
8 15 55 78
9 2 66 98
9 1 98 107
9 3 257 289
9 4 1014 1022
9 5 520 552
9 6 381 413
9 7 316 340
9 8 452 482
9 9 790 807
9 10 197 222
9 11 956 960
9 12 698 714
9 13 839 864
9 14 6 38
9 15 901 933
10 2 76 108
10 3 282 296
10 4 870 896
10 1 1010 1022
10 5 522 539
10 6 373 405
10 7 313 345
10 8 450 464
10 9 790 807
10 10 200 222
10 11 484 491
10 12 637 640
10 13 127 159
10 14 4 36
10 15 907 939
