1 1 529 532
1 2 473 483
1 3 407 417
1 4 160 163
1 5 331 339
1 6 437 452
1 7 374 381
1 8 101 110
1 9 308 313
1 10 502 507
1 11 192 205
1 12 172 176
1 13 562 573
1 14 54 81
1 15 10 38
2 1 529 531
2 2 471 479
2 3 406 412
2 4 144 149
2 5 331 337
2 6 438 444
2 7 375 380
2 8 95 108
2 9 308 311
2 10 501 505
2 11 193 201
2 12 231 236
2 13 562 570
2 14 54 81
2 15 6 38
3 1 219 224
3 2 517 530
3 3 297 315
3 4 279 290
3 5 84 115
3 6 402 425
3 7 548 552
3 8 579 586
3 9 331 334
3 10 483 488
3 11 0 30
3 12 128 154
3 13 354 373
3 14 440 467
3 15 48 69
4 1 221 228
4 2 519 531
4 3 304 315
4 4 279 287
4 5 88 119
4 6 403 425
4 7 550 553
4 8 578 581
4 9 333 335
4 10 484 488
4 11 12 23
4 12 132 153
4 13 354 382
4 14 441 471
4 15 41 69
5 1 349 352
5 2 138 158
5 3 248 270
5 4 463 495
5 5 501 524
5 6 315 333
5 7 12 17
5 8 543 555
5 9 216 222
5 10 286 293
5 11 51 73
5 12 588 607
5 13 171 178
5 14 424 445
5 15 95 120
6 1 351 356
6 2 137 157
6 3 248 270
6 4 462 494
6 5 501 523
6 6 314 332
6 7 10 15
6 8 542 559
6 9 214 222
6 10 285 291
6 11 50 74
6 12 588 607
6 13 171 176
6 14 423 443
6 15 98 117
7 1 82 105
7 2 317 347
7 3 361 388
7 4 447 452
7 5 558 589
7 6 234 266
7 7 9 23
7 8 117 138
7 9 204 219
7 10 605 622
7 12 159 189
7 11 494 509
7 13 274 292
7 14 399 427
7 15 39 63
8 1 81 104
8 2 320 347
8 3 365 389
8 4 436 459
8 5 558 590
8 6 234 266
8 7 11 25
8 8 116 144
8 9 199 221
8 10 606 622
8 11 473 502
8 12 463 467
8 13 274 303
8 15 40 55
8 14 397 429
9 1 446 450
9 2 43 70
9 3 157 183
9 5 314 344
9 6 228 260
9 7 194 211
9 8 270 297
9 9 484 487
9 10 121 135
9 11 406 429
9 12 357 376
9 13 505 534
9 4 82 105
9 14 8 29
9 15 581 611
10 1 446 450
10 2 50 72
10 3 172 183
10 4 503 533
10 5 313 331
10 6 226 255
10 7 196 218
10 8 263 286
10 9 480 485
10 10 123 134
10 11 407 430
10 12 355 375
10 13 81 105
10 14 7 29
10 15 580 610
