1 2 380 388
1 3 327 335
1 5 266 272
1 6 352 356
1 7 300 308
1 8 80 88
1 9 246 252
1 10 403 409
1 11 153 166
1 12 185 191
1 13 451 459
1 14 42 63
1 15 7 30
2 2 379 385
2 3 326 331
2 4 116 120
2 5 267 270
2 6 353 357
2 7 300 307
2 8 79 86
2 9 249 251
2 11 154 161
2 12 186 191
2 13 452 460
2 14 43 64
2 15 3 31
3 1 177 179
3 2 416 426
3 3 239 252
3 4 216 231
3 5 67 91
3 6 325 341
3 7 441 444
3 8 467 470
3 9 266 269
3 10 388 393
3 11 0 24
3 12 102 123
3 14 366 374
3 15 38 54
4 1 178 181
4 2 418 427
4 3 245 252
4 4 223 232
4 5 71 94
4 6 324 341
4 7 442 445
4 10 389 394
4 11 9 20
4 12 105 123
4 13 285 288
4 14 354 377
4 15 33 55
5 2 110 126
5 3 199 216
5 4 371 399
5 5 404 421
5 6 253 267
5 7 8 14
5 8 437 446
5 9 172 178
5 10 229 236
5 11 39 63
5 12 474 490
5 1 56 65
5 13 137 144
5 14 341 358
5 15 75 97
6 1 282 286
6 2 109 125
6 3 199 216
6 4 371 398
6 13 453 468
6 5 404 420
6 6 252 266
6 7 6 12
6 8 431 449
6 9 171 178
6 10 229 235
6 11 39 60
6 12 473 490
6 14 340 356
6 15 73 94
7 1 66 84
7 2 255 278
7 3 290 312
7 4 353 368
7 5 450 472
7 6 189 212
7 7 5 19
7 8 93 111
7 9 162 177
7 10 485 502
7 12 127 153
7 13 219 235
7 14 321 343
7 15 31 51
7 11 357 371
8 1 64 83
8 2 257 278
8 3 294 312
8 4 350 372
8 5 450 477
8 6 189 214
8 7 6 20
8 8 93 115
8 9 163 179
8 10 487 502
8 11 389 406
8 12 372 402
8 13 220 245
8 14 319 345
8 15 34 51
9 1 358 361
9 2 33 55
9 3 126 146
9 5 253 276
9 6 184 209
9 7 155 169
9 8 219 237
9 9 386 392
9 10 101 109
9 11 326 347
9 12 288 302
9 13 65 84
9 4 408 422
9 14 6 22
9 15 468 492
10 1 359 362
10 2 40 56
10 3 138 146
10 4 404 430
10 5 254 265
10 6 182 204
10 7 156 175
10 8 217 229
10 9 385 392
10 10 101 114
10 11 326 347
10 12 285 301
10 13 65 84
10 14 5 22
10 15 301 324
