1 2 1165 1185
1 3 1005 1019
1 4 391 406
1 7 906 938
1 1 938 951
1 8 237 268
1 9 776 781
1 10 1261 1266
1 11 484 511
1 12 423 439
1 5 423 439
1 13 1380 1412
1 14 119 151
1 6 151 175
1 15 8 40
2 2 1159 1172
2 4 350 372
2 7 907 939
2 1 1174 1185
2 3 939 948
2 8 230 262
2 11 556 573
2 13 1392 1415
2 14 119 151
2 5 151 176
2 15 0 32
2 6 32 64
2 9 565 588
2 10 677 699
2 12 1405 1426
3 2 1276 1306
3 3 732 762
3 5 206 238
3 1 238 262
3 6 1005 1036
3 7 1376 1380
3 10 1210 1217
3 12 354 368
3 14 1131 1140
3 15 111 143
3 4 339 370
3 8 899 922
3 9 143 154
4 2 1281 1307
4 3 751 765
4 4 918 923
4 5 218 250
4 1 250 269
4 6 1004 1036
4 7 1375 1385
4 14 1087 1111
4 15 8 40
4 8 92 124
4 9 309 341
4 10 850 882
4 11 882 914
4 12 124 154
4 13 341 367
5 2 330 362
5 1 362 374
5 3 602 634
5 4 1377 1403
5 5 1248 1280
5 6 773 805
5 7 2 34
5 8 1348 1377
5 9 536 550
5 10 690 722
5 11 140 156
5 12 1488 1509
5 13 407 434
5 14 1036 1068
5 15 148 180
6 2 322 354
6 1 354 370
6 3 601 633
6 11 633 657
6 4 1381 1413
6 12 1148 1174
6 13 1413 1439
6 5 1252 1279
6 6 770 802
6 7 0 32
6 8 1336 1368
6 9 511 543
6 10 711 724
6 14 1034 1066
6 15 222 254
7 1 188 220
7 11 220 242
7 2 776 808
7 4 808 840
7 3 887 919
7 12 919 951
7 5 1393 1425
7 6 582 614
7 7 0 32
7 8 299 331
7 9 485 517
7 10 1489 1521
7 13 666 698
7 14 984 1016
7 15 71 103
8 1 182 214
8 11 214 240
8 2 784 816
8 3 917 949
8 4 1079 1111
8 5 1394 1426
8 6 584 616
8 7 0 32
8 8 282 314
8 9 486 518
8 10 1497 1529
8 12 1132 1135
8 13 692 724
8 14 975 1007
8 15 71 103
9 2 97 129
9 1 129 155
9 3 381 413
9 11 413 433
9 4 1512 1533
9 5 781 813
9 6 567 599
9 7 466 481
9 8 676 708
9 9 288 289
9 10 287 319
9 12 1058 1068
9 13 1262 1286
9 14 3 35
9 15 1349 1381
10 2 108 140
10 1 140 152
10 3 416 437
10 4 1303 1332
10 5 783 800
10 6 562 594
10 7 152 184
10 8 677 683
10 9 1182 1184
10 10 295 327
10 11 725 742
10 12 1048 1067
10 13 204 236
10 14 0 32
10 15 1246 1278
